0.0 0.0 0.8087274333129137
0.001001001001001001 0.001001001001001001 0.4827877485657625
0.002002002002002002 0.002002002002002002 0.6966706935898862
0.003003003003003003 0.003003003003003003 0.7589591268095994
0.004004004004004004 0.004004004004004004 0.7432841086230056
0.005005005005005005 0.005005005005005005 0.7432006625353936
0.006006006006006006 0.006006006006006006 0.8264093245363973
0.007007007007007007 0.007007007007007007 0.6731226036219115
0.008008008008008008 0.008008008008008008 0.7715516279452018
0.009009009009009009 0.009009009009009009 0.8397116519676825
0.01001001001001001 0.01001001001001001 0.8961267388287204
0.011011011011011011 0.011011011011011011 0.9402249191133061
0.012012012012012012 0.012012012012012012 0.682606668308686
0.013013013013013013 0.013013013013013013 0.902483664151029
0.014014014014014014 0.014014014014014014 0.732574933852517
0.015015015015015015 0.015015015015015015 0.7002881299281509
0.016016016016016016 0.016016016016016016 0.8487594184558441
0.017017017017017015 0.017017017017017015 0.8642276584015297
0.018018018018018018 0.018018018018018018 0.7512354094656881
0.01901901901901902 0.01901901901901902 0.6943264235920366
0.02002002002002002 0.02002002002002002 0.9199443806643559
0.02102102102102102 0.02102102102102102 0.8060161067251926
0.022022022022022022 0.022022022022022022 0.596225534531451
0.023023023023023025 0.023023023023023025 0.8137875467665941
0.024024024024024024 0.024024024024024024 0.8789172912583969
0.025025025025025023 0.025025025025025023 0.5918729511328289
0.026026026026026026 0.026026026026026026 0.6560982811858767
0.02702702702702703 0.02702702702702703 0.9032625237428556
0.028028028028028028 0.028028028028028028 0.7969061851107901
0.029029029029029027 0.029029029029029027 0.819696024831629
0.03003003003003003 0.03003003003003003 0.6553670033260465
0.031031031031031032 0.031031031031031032 0.7765239975752855
0.03203203203203203 0.03203203203203203 0.869672568101917
0.03303303303303303 0.03303303303303303 0.7974989992381359
0.03403403403403403 0.03403403403403403 0.7754147393083708
0.035035035035035036 0.035035035035035036 0.7776215053052764
0.036036036036036036 0.036036036036036036 0.9603480606941189
0.037037037037037035 0.037037037037037035 0.9040373894215826
0.03803803803803804 0.03803803803803804 0.9625801425723898
0.03903903903903904 0.03903903903903904 0.6456141868092523
0.04004004004004004 0.04004004004004004 0.7544625195793448
0.04104104104104104 0.04104104104104104 0.8628233770407806
0.04204204204204204 0.04204204204204204 0.6994121141724411
0.043043043043043044 0.043043043043043044 0.7884584231142138
0.044044044044044044 0.044044044044044044 0.7675160213612722
0.04504504504504504 0.04504504504504504 0.9780566992269616
0.04604604604604605 0.04604604604604605 0.8616042733550068
0.04704704704704705 0.04704704704704705 0.8472552649394876
0.04804804804804805 0.04804804804804805 0.9171905036655807
0.04904904904904905 0.04904904904904905 0.9961355779092305
0.050050050050050046 0.050050050050050046 0.8630556418066401
0.05105105105105105 0.05105105105105105 0.7791400635755978
0.05205205205205205 0.05205205205205205 0.8616140793617499
0.05305305305305305 0.05305305305305305 1.0222312090185453
0.05405405405405406 0.05405405405405406 1.1550148658963724
0.055055055055055056 0.055055055055055056 0.79407946999528
0.056056056056056056 0.056056056056056056 0.9335464482830806
0.057057057057057055 0.057057057057057055 1.1083133959757885
0.058058058058058054 0.058058058058058054 0.9273581647527428
0.05905905905905906 0.05905905905905906 0.6794685741174812
0.06006006006006006 0.06006006006006006 0.866538958830908
0.06106106106106106 0.06106106106106106 0.6793729465952654
0.062062062062062065 0.062062062062062065 0.8273029198069122
0.06306306306306306 0.06306306306306306 0.9871672692371576
0.06406406406406406 0.06406406406406406 0.8339493921299481
0.06506506506506507 0.06506506506506507 0.7673478386195636
0.06606606606606606 0.06606606606606606 0.8879430778015481
0.06706706706706707 0.06706706706706707 0.9918853580223472
0.06806806806806806 0.06806806806806806 0.9381766701678148
0.06906906906906907 0.06906906906906907 0.8061845221800584
0.07007007007007007 0.07007007007007007 0.7859044120074261
0.07107107107107107 0.07107107107107107 0.9733544143401598
0.07207207207207207 0.07207207207207207 0.7597464595324023
0.07307307307307308 0.07307307307307308 1.0204639939299598
0.07407407407407407 0.07407407407407407 1.085560689603702
0.07507507507507508 0.07507507507507508 0.7620102376862625
0.07607607607607608 0.07607607607607608 0.8991695936772522
0.07707707707707707 0.07707707707707707 0.6835612395143774
0.07807807807807808 0.07807807807807808 0.9359910379757416
0.07907907907907907 0.07907907907907907 0.8395758374919753
0.08008008008008008 0.08008008008008008 1.0041719019210336
0.08108108108108109 0.08108108108108109 0.927982798748343
0.08208208208208208 0.08208208208208208 0.9499086662359044
0.08308308308308308 0.08308308308308308 0.895157241720163
0.08408408408408408 0.08408408408408408 0.9694785328826118
0.08508508508508508 0.08508508508508508 1.0627485581183054
0.08608608608608609 0.08608608608608609 0.9703830964059492
0.08708708708708708 0.08708708708708708 0.8542811205910386
0.08808808808808809 0.08808808808808809 0.9044817013081072
0.0890890890890891 0.0890890890890891 0.9660646869613821
0.09009009009009009 0.09009009009009009 0.8023821276188104
0.09109109109109109 0.09109109109109109 1.0031586606799936
0.0920920920920921 0.0920920920920921 1.0873440016538307
0.09309309309309309 0.09309309309309309 1.0193582543231732
0.0940940940940941 0.0940940940940941 0.8908025567583218
0.09509509509509509 0.09509509509509509 0.9706353336544379
0.0960960960960961 0.0960960960960961 0.961568813767626
0.0970970970970971 0.0970970970970971 0.8744345763733994
0.0980980980980981 0.0980980980980981 0.8585438419562423
0.0990990990990991 0.0990990990990991 0.8343105158284287
0.10010010010010009 0.10010010010010009 0.9417780318937511
0.1011011011011011 0.1011011011011011 1.009234475761244
0.1021021021021021 0.1021021021021021 0.8572784718096481
0.1031031031031031 0.1031031031031031 0.9639365634791546
0.1041041041041041 0.1041041041041041 0.9527134953048466
0.10510510510510511 0.10510510510510511 1.1276223271185164
0.1061061061061061 0.1061061061061061 0.87281717028334
0.10710710710710711 0.10710710710710711 0.9429749525323766
0.10810810810810811 0.10810810810810811 1.0204616781650984
0.1091091091091091 0.1091091091091091 0.9350444496681554
0.11011011011011011 0.11011011011011011 1.0245716240000735
0.1111111111111111 0.1111111111111111 0.9838917724973553
0.11211211211211211 0.11211211211211211 0.8281948728163319
0.11311311311311312 0.11311311311311312 1.2087776326125212
0.11411411411411411 0.11411411411411411 1.0639237486416442
0.11511511511511512 0.11511511511511512 1.0633491622179976
0.11611611611611611 0.11611611611611611 1.1844367875259114
0.11711711711711711 0.11711711711711711 0.9948494560222771
0.11811811811811812 0.11811811811811812 1.0410664665881995
0.11911911911911911 0.11911911911911911 0.8879879087226075
0.12012012012012012 0.12012012012012012 1.1044881528829398
0.12112112112112113 0.12112112112112113 1.2088375145965218
0.12212212212212212 0.12212212212212212 0.9435702244525973
0.12312312312312312 0.12312312312312312 1.079243651386176
0.12412412412412413 0.12412412412412413 0.9285450675205356
0.12512512512512514 0.12512512512512514 1.1390472481250433
0.12612612612612611 0.12612612612612611 1.1646636221786968
0.12712712712712712 0.12712712712712712 0.9819039049462512
0.12812812812812813 0.12812812812812813 1.1733747443843403
0.12912912912912913 0.12912912912912913 1.2344837621367262
0.13013013013013014 0.13013013013013014 0.9598652037385804
0.13113113113113112 0.13113113113113112 1.1733413021874561
0.13213213213213212 0.13213213213213212 1.0805319439246583
0.13313313313313313 0.13313313313313313 1.051015214611148
0.13413413413413414 0.13413413413413414 0.9114281178976651
0.13513513513513514 0.13513513513513514 0.8597175003858496
0.13613613613613612 0.13613613613613612 1.093417612679599
0.13713713713713713 0.13713713713713713 1.0966285676437904
0.13813813813813813 0.13813813813813813 1.0825047858733898
0.13913913913913914 0.13913913913913914 1.2008819386209557
0.14014014014014015 0.14014014014014015 1.1924177910930192
0.14114114114114115 0.14114114114114115 1.1052984036778677
0.14214214214214213 0.14214214214214213 1.20458878349961
0.14314314314314314 0.14314314314314314 1.175372473643933
0.14414414414414414 0.14414414414414414 1.2019462786857575
0.14514514514514515 0.14514514514514515 1.128626834094858
0.14614614614614616 0.14614614614614616 1.2065229681618699
0.14714714714714713 0.14714714714714713 1.1758264027766039
0.14814814814814814 0.14814814814814814 1.0939024745886097
0.14914914914914915 0.14914914914914915 1.0807215661955345
0.15015015015015015 0.15015015015015015 1.3372933504132174
0.15115115115115116 0.15115115115115116 1.095576686058388
0.15215215215215216 0.15215215215215216 0.9080195460839893
0.15315315315315314 0.15315315315315314 1.1143555516118777
0.15415415415415415 0.15415415415415415 1.065266339060852
0.15515515515515516 0.15515515515515516 1.2466307051206669
0.15615615615615616 0.15615615615615616 1.3367174049161523
0.15715715715715717 0.15715715715715717 1.2295214707217572
0.15815815815815815 0.15815815815815815 1.2310317222429397
0.15915915915915915 0.15915915915915915 1.124688066785032
0.16016016016016016 0.16016016016016016 1.177783949466542
0.16116116116116116 0.16116116116116116 1.0822403940739864
0.16216216216216217 0.16216216216216217 1.1924576339835486
0.16316316316316315 0.16316316316316315 1.3842106355482484
0.16416416416416416 0.16416416416416416 1.0863960924697502
0.16516516516516516 0.16516516516516516 0.996545556912227
0.16616616616616617 0.16616616616616617 1.2609608049451353
0.16716716716716717 0.16716716716716717 0.9927102389117249
0.16816816816816815 0.16816816816816815 1.062345948594215
0.16916916916916916 0.16916916916916916 1.119696544256931
0.17017017017017017 0.17017017017017017 1.1124563984672409
0.17117117117117117 0.17117117117117117 0.9277372073359593
0.17217217217217218 0.17217217217217218 1.2870856132665058
0.17317317317317318 0.17317317317317318 1.1511850642670765
0.17417417417417416 0.17417417417417416 1.2637803404843022
0.17517517517517517 0.17517517517517517 1.1769554777780964
0.17617617617617617 0.17617617617617617 1.2678111505835743
0.17717717717717718 0.17717717717717718 1.2080436273230981
0.1781781781781782 0.1781781781781782 1.2246253841745944
0.17917917917917917 0.17917917917917917 1.3758009178623107
0.18018018018018017 0.18018018018018017 1.2973951570389253
0.18118118118118118 0.18118118118118118 1.1746484505187231
0.18218218218218218 0.18218218218218218 1.3457697767319952
0.1831831831831832 0.1831831831831832 1.0846114244598062
0.1841841841841842 0.1841841841841842 0.9927314425629741
0.18518518518518517 0.18518518518518517 1.1531154425317711
0.18618618618618618 0.18618618618618618 1.333660614330118
0.1871871871871872 0.1871871871871872 1.0590352213924843
0.1881881881881882 0.1881881881881882 1.237985482631332
0.1891891891891892 0.1891891891891892 1.2876221939989994
0.19019019019019018 0.19019019019019018 1.2631905020038583
0.19119119119119118 0.19119119119119118 1.1571154856185106
0.1921921921921922 0.1921921921921922 1.3191197815806845
0.1931931931931932 0.1931931931931932 1.2703837567957272
0.1941941941941942 0.1941941941941942 1.255570504450572
0.19519519519519518 0.19519519519519518 1.101985776294391
0.1961961961961962 0.1961961961961962 1.1293915618628279
0.1971971971971972 0.1971971971971972 1.356107289795175
0.1981981981981982 0.1981981981981982 1.340773621041947
0.1991991991991992 0.1991991991991992 1.1578804122096886
0.20020020020020018 0.20020020020020018 1.1944811361239815
0.2012012012012012 0.2012012012012012 1.0386985133026665
0.2022022022022022 0.2022022022022022 1.2845360293272605
0.2032032032032032 0.2032032032032032 1.2300549563073642
0.2042042042042042 0.2042042042042042 1.0818335703998196
0.20520520520520522 0.20520520520520522 1.318619021065156
0.2062062062062062 0.2062062062062062 1.0915274530775365
0.2072072072072072 0.2072072072072072 1.2750033245416894
0.2082082082082082 0.2082082082082082 1.174792047212745
0.2092092092092092 0.2092092092092092 1.016217356330417
0.21021021021021022 0.21021021021021022 1.1050604742604084
0.2112112112112112 0.2112112112112112 1.2719864890393517
0.2122122122122122 0.2122122122122122 1.227917538100302
0.2132132132132132 0.2132132132132132 1.1100365232021225
0.21421421421421422 0.21421421421421422 1.1614031696895475
0.21521521521521522 0.21521521521521522 1.335958355562099
0.21621621621621623 0.21621621621621623 1.3332244636748716
0.2172172172172172 0.2172172172172172 1.3398525260901597
0.2182182182182182 0.2182182182182182 1.316043350482698
0.21921921921921922 0.21921921921921922 1.266529460758951
0.22022022022022023 0.22022022022022023 1.252239435001262
0.22122122122122123 0.22122122122122123 1.1778531878144387
0.2222222222222222 0.2222222222222222 1.1632642765999055
0.22322322322322322 0.22322322322322322 1.1551010149313985
0.22422422422422422 0.22422422422422422 1.2576509573729526
0.22522522522522523 0.22522522522522523 1.2569147778304433
0.22622622622622623 0.22622622622622623 1.2784810941238427
0.2272272272272272 0.2272272272272272 1.0490288112602568
0.22822822822822822 0.22822822822822822 1.1383874892876424
0.22922922922922923 0.22922922922922923 1.1619577931374216
0.23023023023023023 0.23023023023023023 1.265656057622598
0.23123123123123124 0.23123123123123124 1.3865739524000817
0.23223223223223222 0.23223223223223222 1.233931971871995
0.23323323323323322 0.23323323323323322 1.054825830548586
0.23423423423423423 0.23423423423423423 1.3336991402365577
0.23523523523523523 0.23523523523523523 1.0290657070813367
0.23623623623623624 0.23623623623623624 1.3392705311192818
0.23723723723723725 0.23723723723723725 1.2571459112454704
0.23823823823823823 0.23823823823823823 1.14618287209904
0.23923923923923923 0.23923923923923923 1.3996048894645168
0.24024024024024024 0.24024024024024024 1.0984118678769945
0.24124124124124124 0.24124124124124124 1.1484312743821088
0.24224224224224225 0.24224224224224225 1.079785041938616
0.24324324324324323 0.24324324324324323 1.182193773959373
0.24424424424424424 0.24424424424424424 1.0732540796462229
0.24524524524524524 0.24524524524524524 1.3920214993384168
0.24624624624624625 0.24624624624624625 1.1691168898098476
0.24724724724724725 0.24724724724724725 1.0010588827185392
0.24824824824824826 0.24824824824824826 1.1939647049471067
0.24924924924924924 0.24924924924924924 1.2168354183097105
0.2502502502502503 0.2502502502502503 1.0423830688561349
0.25125125125125125 0.25125125125125125 1.1688239537544975
0.25225225225225223 0.25225225225225223 1.079354094483793
0.25325325325325326 0.25325325325325326 1.1364937826924704
0.25425425425425424 0.25425425425425424 1.4363522086451717
0.2552552552552553 0.2552552552552553 1.1044829201545654
0.25625625625625625 0.25625625625625625 1.1734336793108369
0.25725725725725723 0.25725725725725723 1.2848408549721233
0.25825825825825827 0.25825825825825827 1.158648330032636
0.25925925925925924 0.25925925925925924 1.0708877472225107
0.2602602602602603 0.2602602602602603 0.9843771547595032
0.26126126126126126 0.26126126126126126 1.1802194182865982
0.26226226226226224 0.26226226226226224 1.212610367661192
0.26326326326326327 0.26326326326326327 1.1039302683512662
0.26426426426426425 0.26426426426426425 1.0410934769230358
0.2652652652652653 0.2652652652652653 1.3031872117824885
0.26626626626626626 0.26626626626626626 1.0563294448644658
0.26726726726726724 0.26726726726726724 0.9949138154274486
0.2682682682682683 0.2682682682682683 1.1986935569570818
0.26926926926926925 0.26926926926926925 1.1246629121861136
0.2702702702702703 0.2702702702702703 1.1340702811325545
0.27127127127127126 0.27127127127127126 1.1266287963556072
0.27227227227227224 0.27227227227227224 1.0214205148006643
0.2732732732732733 0.2732732732732733 1.149362318364386
0.27427427427427425 0.27427427427427425 0.9344636293647905
0.2752752752752753 0.2752752752752753 1.0892081448070983
0.27627627627627627 0.27627627627627627 0.8478346850657469
0.2772772772772773 0.2772772772772773 0.9058786442778234
0.2782782782782783 0.2782782782782783 1.0290446550279695
0.27927927927927926 0.27927927927927926 1.0404487572097372
0.2802802802802803 0.2802802802802803 1.2454500977890242
0.28128128128128127 0.28128128128128127 0.9944173645930505
0.2822822822822823 0.2822822822822823 1.0332674883193171
0.2832832832832833 0.2832832832832833 1.100276510208521
0.28428428428428426 0.28428428428428426 0.9546998649658844
0.2852852852852853 0.2852852852852853 0.8301921943044211
0.2862862862862863 0.2862862862862863 0.998827613333745
0.2872872872872873 0.2872872872872873 0.9987657345016974
0.2882882882882883 0.2882882882882883 0.9365575802067315
0.28928928928928926 0.28928928928928926 1.0741906181876444
0.2902902902902903 0.2902902902902903 1.0533596316630847
0.2912912912912913 0.2912912912912913 1.0750571104937574
0.2922922922922923 0.2922922922922923 0.8706895506424566
0.2932932932932933 0.2932932932932933 0.9986807545924157
0.29429429429429427 0.29429429429429427 0.9307932494076978
0.2952952952952953 0.2952952952952953 1.011410653220353
0.2962962962962963 0.2962962962962963 0.9734052961297915
0.2972972972972973 0.2972972972972973 0.9297956367833826
0.2982982982982983 0.2982982982982983 0.7588566141922353
0.29929929929929927 0.29929929929929927 1.0638750758670437
0.3003003003003003 0.3003003003003003 0.960647659159261
0.3013013013013013 0.3013013013013013 0.9719862873138004
0.3023023023023023 0.3023023023023023 1.0084835996344377
0.3033033033033033 0.3033033033033033 0.9601753382356472
0.30430430430430433 0.30430430430430433 0.9938002066969053
0.3053053053053053 0.3053053053053053 0.9727948079825074
0.3063063063063063 0.3063063063063063 1.056049569718114
0.3073073073073073 0.3073073073073073 1.056156162774901
0.3083083083083083 0.3083083083083083 1.1495633878159954
0.30930930930930933 0.30930930930930933 0.8231951195734103
0.3103103103103103 0.3103103103103103 0.8582390623996206
0.3113113113113113 0.3113113113113113 0.7847328450496702
0.3123123123123123 0.3123123123123123 0.8124140615907239
0.3133133133133133 0.3133133133133133 0.9283086826227924
0.31431431431431434 0.31431431431431434 0.9502185163571157
0.3153153153153153 0.3153153153153153 0.8960066207763402
0.3163163163163163 0.3163163163163163 0.9594960292508944
0.3173173173173173 0.3173173173173173 0.9356646611428553
0.3183183183183183 0.3183183183183183 0.8138002208710856
0.31931931931931934 0.31931931931931934 0.9096622359304276
0.3203203203203203 0.3203203203203203 0.9056003403551749
0.3213213213213213 0.3213213213213213 0.9627288851005646
0.32232232232232233 0.32232232232232233 1.1410700323617673
0.3233233233233233 0.3233233233233233 0.6797359046370933
0.32432432432432434 0.32432432432432434 0.9756341427945879
0.3253253253253253 0.3253253253253253 1.0359414696130085
0.3263263263263263 0.3263263263263263 1.07037006947068
0.32732732732732733 0.32732732732732733 0.9111508454380277
0.3283283283283283 0.3283283283283283 1.0083478528023215
0.32932932932932935 0.32932932932932935 1.0736213670768917
0.3303303303303303 0.3303303303303303 0.9103822783788608
0.3313313313313313 0.3313313313313313 1.0275451560408853
0.33233233233233234 0.33233233233233234 0.7709415368422137
0.3333333333333333 0.3333333333333333 0.9147337572126053
0.33433433433433435 0.33433433433433435 0.6052753661184345
0.3353353353353353 0.3353353353353353 0.8001040188188551
0.3363363363363363 0.3363363363363363 0.8681092732986173
0.33733733733733734 0.33733733733733734 0.838865938568354
0.3383383383383383 0.3383383383383383 0.7898408149296702
0.33933933933933935 0.33933933933933935 0.7842438624288047
0.34034034034034033 0.34034034034034033 0.9026760501042764
0.34134134134134136 0.34134134134134136 0.6297138366418862
0.34234234234234234 0.34234234234234234 0.9188758253033616
0.3433433433433433 0.3433433433433433 0.495422453618051
0.34434434434434436 0.34434434434434436 0.8816145452685236
0.34534534534534533 0.34534534534534533 0.8163241917543722
0.34634634634634637 0.34634634634634637 0.6333720245924275
0.34734734734734735 0.34734734734734735 0.7301587623855561
0.3483483483483483 0.3483483483483483 0.7819725493934726
0.34934934934934936 0.34934934934934936 0.5986161312977027
0.35035035035035034 0.35035035035035034 0.9687441311780318
0.35135135135135137 0.35135135135135137 0.5756108242791682
0.35235235235235235 0.35235235235235235 0.8806621526303118
0.3533533533533533 0.3533533533533533 0.736938978485933
0.35435435435435436 0.35435435435435436 0.9654944343516124
0.35535535535535534 0.35535535535535534 0.8164823278095582
0.3563563563563564 0.3563563563563564 0.8118793296092142
0.35735735735735735 0.35735735735735735 0.626799525941262
0.35835835835835833 0.35835835835835833 0.7931320649897287
0.35935935935935936 0.35935935935935936 0.7580298151548808
0.36036036036036034 0.36036036036036034 0.9038482378762649
0.3613613613613614 0.3613613613613614 0.6026348277316692
0.36236236236236236 0.36236236236236236 0.54282491830489
0.36336336336336333 0.36336336336336333 0.6407837544041768
0.36436436436436437 0.36436436436436437 0.7458825913517217
0.36536536536536535 0.36536536536536535 0.552296038724773
0.3663663663663664 0.3663663663663664 0.7386471108880096
0.36736736736736736 0.36736736736736736 0.6519292689156987
0.3683683683683684 0.3683683683683684 0.7028315297182375
0.36936936936936937 0.36936936936936937 0.5827989943522794
0.37037037037037035 0.37037037037037035 0.7697548089803774
0.3713713713713714 0.3713713713713714 0.6070463478501229
0.37237237237237236 0.37237237237237236 0.5957497202512101
0.3733733733733734 0.3733733733733734 0.5979696678289927
0.3743743743743744 0.3743743743743744 0.6955940779991233
0.37537537537537535 0.37537537537537535 0.7699301995735853
0.3763763763763764 0.3763763763763764 0.5434637423137478
0.37737737737737737 0.37737737737737737 0.6167567297974915
0.3783783783783784 0.3783783783783784 0.7198812879926647
0.3793793793793794 0.3793793793793794 0.888354990877807
0.38038038038038036 0.38038038038038036 0.7077569454037357
0.3813813813813814 0.3813813813813814 0.6935633863343689
0.38238238238238237 0.38238238238238237 0.5630054757511442
0.3833833833833834 0.3833833833833834 0.649617754987073
0.3843843843843844 0.3843843843843844 0.35685784913612306
0.38538538538538536 0.38538538538538536 0.6966006462799259
0.3863863863863864 0.3863863863863864 0.5199379259690058
0.38738738738738737 0.38738738738738737 0.6723540683949634
0.3883883883883884 0.3883883883883884 0.7406205661141125
0.3893893893893894 0.3893893893893894 0.4672826753272829
0.39039039039039036 0.39039039039039036 0.6647235420670299
0.3913913913913914 0.3913913913913914 0.4552233859852125
0.3923923923923924 0.3923923923923924 0.525723907926263
0.3933933933933934 0.3933933933933934 0.3874186184466041
0.3943943943943944 0.3943943943943944 0.5064890683252068
0.39539539539539537 0.39539539539539537 0.5554907284546091
0.3963963963963964 0.3963963963963964 0.5518736346611087
0.3973973973973974 0.3973973973973974 0.6719326841859059
0.3983983983983984 0.3983983983983984 0.6841541196918787
0.3993993993993994 0.3993993993993994 0.4664063277742278
0.40040040040040037 0.40040040040040037 0.5060360865541715
0.4014014014014014 0.4014014014014014 0.40388029040692763
0.4024024024024024 0.4024024024024024 0.4764184813601616
0.4034034034034034 0.4034034034034034 0.6232025750036045
0.4044044044044044 0.4044044044044044 0.3866152861064133
0.40540540540540543 0.40540540540540543 0.6855029239546986
0.4064064064064064 0.4064064064064064 0.5575037008587543
0.4074074074074074 0.4074074074074074 0.3678202555852671
0.4084084084084084 0.4084084084084084 0.5789442545432171
0.4094094094094094 0.4094094094094094 0.5443799695494286
0.41041041041041043 0.41041041041041043 0.6500341989938221
0.4114114114114114 0.4114114114114114 0.7116819053481078
0.4124124124124124 0.4124124124124124 0.37982755635788057
0.4134134134134134 0.4134134134134134 0.47843908772296606
0.4144144144144144 0.4144144144144144 0.3499002039019691
0.41541541541541543 0.41541541541541543 0.4803156757816147
0.4164164164164164 0.4164164164164164 0.5303470178092198
0.4174174174174174 0.4174174174174174 0.5912113812633061
0.4184184184184184 0.4184184184184184 0.5029371846184499
0.4194194194194194 0.4194194194194194 0.39937412503961645
0.42042042042042044 0.42042042042042044 0.38433202486845186
0.4214214214214214 0.4214214214214214 0.4175019283398912
0.4224224224224224 0.4224224224224224 0.4596298286315075
0.42342342342342343 0.42342342342342343 0.499574992891782
0.4244244244244244 0.4244244244244244 0.43065866243728407
0.42542542542542544 0.42542542542542544 0.3266107847827038
0.4264264264264264 0.4264264264264264 0.3769093256312886
0.4274274274274274 0.4274274274274274 0.44751125527092783
0.42842842842842843 0.42842842842842843 0.3097946338361177
0.4294294294294294 0.4294294294294294 0.46472510942548917
0.43043043043043044 0.43043043043043044 0.13974777601240373
0.4314314314314314 0.4314314314314314 0.43566686346090655
0.43243243243243246 0.43243243243243246 0.6374019515940987
0.43343343343343343 0.43343343343343343 0.633386207936218
0.4344344344344344 0.4344344344344344 0.4738829624605558
0.43543543543543545 0.43543543543543545 0.39994132559899126
0.4364364364364364 0.4364364364364364 0.6506250640518149
0.43743743743743746 0.43743743743743746 0.513072548695381
0.43843843843843844 0.43843843843843844 0.4271485000720728
0.4394394394394394 0.4394394394394394 0.4674560937297525
0.44044044044044045 0.44044044044044045 0.386740355397947
0.44144144144144143 0.44144144144144143 0.4473845271715192
0.44244244244244246 0.44244244244244246 0.373297596638017
0.44344344344344344 0.44344344344344344 0.4025069756960117
0.4444444444444444 0.4444444444444444 0.6810452932196187
0.44544544544544545 0.44544544544544545 0.4958258653650288
0.44644644644644643 0.44644644644644643 0.4699593242586092
0.44744744744744747 0.44744744744744747 0.3466836787261016
0.44844844844844844 0.44844844844844844 0.39245179077381503
0.4494494494494494 0.4494494494494494 0.44055516815259615
0.45045045045045046 0.45045045045045046 0.49964705617217253
0.45145145145145144 0.45145145145145144 0.4154117731132375
0.45245245245245247 0.45245245245245247 0.45030263653021374
0.45345345345345345 0.45345345345345345 0.3806992797683079
0.4544544544544544 0.4544544544544544 0.38961732956887196
0.45545545545545546 0.45545545545545546 0.43517645441351915
0.45645645645645644 0.45645645645645644 0.4974095107291391
0.4574574574574575 0.4574574574574575 0.3147028478535002
0.45845845845845845 0.45845845845845845 0.3501937890831774
0.45945945945945943 0.45945945945945943 0.2581131395676839
0.46046046046046046 0.46046046046046046 0.4212835059764867
0.46146146146146144 0.46146146146146144 0.3831773205862707
0.4624624624624625 0.4624624624624625 0.36506695744914947
0.46346346346346345 0.46346346346346345 0.4797620793033987
0.46446446446446443 0.46446446446446443 0.3921420157648484
0.46546546546546547 0.46546546546546547 0.2684658051042018
0.46646646646646645 0.46646646646646645 0.31080015353718976
0.4674674674674675 0.4674674674674675 0.13238999442097157
0.46846846846846846 0.46846846846846846 0.25753061406304817
0.4694694694694695 0.4694694694694695 0.27027006320576275
0.47047047047047047 0.47047047047047047 0.44806659180384223
0.47147147147147145 0.47147147147147145 0.3142995062176769
0.4724724724724725 0.4724724724724725 0.41025393761024176
0.47347347347347346 0.47347347347347346 0.18693209206525194
0.4744744744744745 0.4744744744744745 0.38032018456375744
0.4754754754754755 0.4754754754754755 0.43824757832602557
0.47647647647647645 0.47647647647647645 0.28230230351786123
0.4774774774774775 0.4774774774774775 0.2440497825821957
0.47847847847847846 0.47847847847847846 0.4635242786983763
0.4794794794794795 0.4794794794794795 0.30473275986443604
0.4804804804804805 0.4804804804804805 0.10320973499625649
0.48148148148148145 0.48148148148148145 0.4245061781596004
0.4824824824824825 0.4824824824824825 0.4223255492615685
0.48348348348348347 0.48348348348348347 0.21347173494634686
0.4844844844844845 0.4844844844844845 0.27258934593573747
0.4854854854854855 0.4854854854854855 0.3345656821318538
0.48648648648648646 0.48648648648648646 0.3421835236046817
0.4874874874874875 0.4874874874874875 0.5803913298853035
0.48848848848848847 0.48848848848848847 0.41890052247524173
0.4894894894894895 0.4894894894894895 0.2257933333274441
0.4904904904904905 0.4904904904904905 0.2545253019989019
0.49149149149149146 0.49149149149149146 0.4446218109544827
0.4924924924924925 0.4924924924924925 0.22987288610907639
0.4934934934934935 0.4934934934934935 0.3998178857470795
0.4944944944944945 0.4944944944944945 0.1316992578048626
0.4954954954954955 0.4954954954954955 0.31627110890397503
0.4964964964964965 0.4964964964964965 0.353699539160418
0.4974974974974975 0.4974974974974975 0.4862070255796641
0.4984984984984985 0.4984984984984985 0.09136986210066969
0.4994994994994995 0.4994994994994995 0.21594288639935422
0.5005005005005005 0.5005005005005005 0.33466931195960475
0.5015015015015015 0.5015015015015015 0.2652074840329874
0.5025025025025025 0.5025025025025025 0.4796864847796782
0.5035035035035035 0.5035035035035035 0.33632095667368955
0.5045045045045045 0.5045045045045045 0.2601116488261673
0.5055055055055055 0.5055055055055055 0.421434292978973
0.5065065065065065 0.5065065065065065 0.26609971919206854
0.5075075075075075 0.5075075075075075 0.17724821726903703
0.5085085085085085 0.5085085085085085 0.39030379552916095
0.5095095095095095 0.5095095095095095 0.4689916369393786
0.5105105105105106 0.5105105105105106 0.39125659381133343
0.5115115115115115 0.5115115115115115 0.43796151365714653
0.5125125125125125 0.5125125125125125 0.2765300273590312
0.5135135135135135 0.5135135135135135 0.31063252260715596
0.5145145145145145 0.5145145145145145 0.30239455377948243
0.5155155155155156 0.5155155155155156 0.14260755214062512
0.5165165165165165 0.5165165165165165 0.20709489324961072
0.5175175175175175 0.5175175175175175 0.15771206087750483
0.5185185185185185 0.5185185185185185 0.33955898395876527
0.5195195195195195 0.5195195195195195 0.33315490100596273
0.5205205205205206 0.5205205205205206 0.20216816698236798
0.5215215215215215 0.5215215215215215 0.34526189316034667
0.5225225225225225 0.5225225225225225 0.33214004062462893
0.5235235235235235 0.5235235235235235 0.15139825172814483
0.5245245245245245 0.5245245245245245 0.3192820145329215
0.5255255255255256 0.5255255255255256 0.37286169023995375
0.5265265265265265 0.5265265265265265 0.3068260372052385
0.5275275275275275 0.5275275275275275 0.3915545841180712
0.5285285285285285 0.5285285285285285 0.2029945238473529
0.5295295295295295 0.5295295295295295 0.3334945291115081
0.5305305305305306 0.5305305305305306 0.09282560793160557
0.5315315315315315 0.5315315315315315 0.32739459686148964
0.5325325325325325 0.5325325325325325 0.1763726265117927
0.5335335335335335 0.5335335335335335 0.34726982446871035
0.5345345345345345 0.5345345345345345 0.2959846174225595
0.5355355355355356 0.5355355355355356 0.35904633777235995
0.5365365365365365 0.5365365365365365 0.2977388598372456
0.5375375375375375 0.5375375375375375 0.47285987437220034
0.5385385385385385 0.5385385385385385 0.20978792995912093
0.5395395395395395 0.5395395395395395 0.41570521272925437
0.5405405405405406 0.5405405405405406 0.20119665397087722
0.5415415415415415 0.5415415415415415 0.22623173493156037
0.5425425425425425 0.5425425425425425 0.21508520930479869
0.5435435435435435 0.5435435435435435 0.45398924539560426
0.5445445445445445 0.5445445445445445 0.24498376078632253
0.5455455455455456 0.5455455455455456 0.23477540503416539
0.5465465465465466 0.5465465465465466 0.1505072413152482
0.5475475475475475 0.5475475475475475 0.2708402471710893
0.5485485485485485 0.5485485485485485 0.28322106087015037
0.5495495495495496 0.5495495495495496 0.23999215426882242
0.5505505505505506 0.5505505505505506 0.2750424616397421
0.5515515515515516 0.5515515515515516 0.10723515888352658
0.5525525525525525 0.5525525525525525 0.11434256356037367
0.5535535535535535 0.5535535535535535 0.4130859399425362
0.5545545545545546 0.5545545545545546 0.23107213987680855
0.5555555555555556 0.5555555555555556 0.14560973576742442
0.5565565565565566 0.5565565565565566 0.3712794210477428
0.5575575575575575 0.5575575575575575 0.20567372200780876
0.5585585585585585 0.5585585585585585 0.23672942807101377
0.5595595595595596 0.5595595595595596 0.24420929690479656
0.5605605605605606 0.5605605605605606 0.2102716371492477
0.5615615615615616 0.5615615615615616 0.2723684049120356
0.5625625625625625 0.5625625625625625 0.293891524648192
0.5635635635635635 0.5635635635635635 0.21039086162853735
0.5645645645645646 0.5645645645645646 0.03244544227753618
0.5655655655655656 0.5655655655655656 0.2397508409377152
0.5665665665665666 0.5665665665665666 0.28744171721134726
0.5675675675675675 0.5675675675675675 0.30117797916628725
0.5685685685685685 0.5685685685685685 0.188775216162037
0.5695695695695696 0.5695695695695696 0.24091639998795475
0.5705705705705706 0.5705705705705706 0.25953049350576596
0.5715715715715716 0.5715715715715716 0.31124074696814186
0.5725725725725725 0.5725725725725725 0.3223749236827339
0.5735735735735735 0.5735735735735735 0.3228023556182793
0.5745745745745746 0.5745745745745746 0.319256712070396
0.5755755755755756 0.5755755755755756 0.31841433050520546
0.5765765765765766 0.5765765765765766 0.04196620212966462
0.5775775775775776 0.5775775775775776 0.35091917043997845
0.5785785785785785 0.5785785785785785 0.33248922574142253
0.5795795795795796 0.5795795795795796 0.33944788938568826
0.5805805805805806 0.5805805805805806 0.26687013219224814
0.5815815815815816 0.5815815815815816 0.14656661663648224
0.5825825825825826 0.5825825825825826 0.21362629805531722
0.5835835835835835 0.5835835835835835 0.19673417280310174
0.5845845845845846 0.5845845845845846 0.3384896448444738
0.5855855855855856 0.5855855855855856 0.32102695207385373
0.5865865865865866 0.5865865865865866 0.4135374958416944
0.5875875875875876 0.5875875875875876 0.20143504801139778
0.5885885885885885 0.5885885885885885 0.22457718595509463
0.5895895895895896 0.5895895895895896 0.4410164950953668
0.5905905905905906 0.5905905905905906 0.15955051934252404
0.5915915915915916 0.5915915915915916 0.18045940805959731
0.5925925925925926 0.5925925925925926 0.386137660410103
0.5935935935935935 0.5935935935935935 0.054761073226336804
0.5945945945945946 0.5945945945945946 0.07532219710822055
0.5955955955955956 0.5955955955955956 0.26413501119838734
0.5965965965965966 0.5965965965965966 0.22988207341087316
0.5975975975975976 0.5975975975975976 0.37145285629494396
0.5985985985985985 0.5985985985985985 0.2985984230376276
0.5995995995995996 0.5995995995995996 0.243353753469725
0.6006006006006006 0.6006006006006006 0.1842407415255221
0.6016016016016016 0.6016016016016016 0.15182602682446877
0.6026026026026026 0.6026026026026026 0.18559059925617472
0.6036036036036035 0.6036036036036035 0.1871660211687452
0.6046046046046046 0.6046046046046046 0.09020983966171375
0.6056056056056056 0.6056056056056056 0.12578145844195915
0.6066066066066066 0.6066066066066066 0.08037446873512877
0.6076076076076076 0.6076076076076076 0.07802608315418239
0.6086086086086087 0.6086086086086087 0.3126406279863766
0.6096096096096096 0.6096096096096096 0.17209390649877931
0.6106106106106106 0.6106106106106106 0.08676170841669789
0.6116116116116116 0.6116116116116116 0.24352909783340637
0.6126126126126126 0.6126126126126126 0.19717799815086964
0.6136136136136137 0.6136136136136137 0.1887898022510484
0.6146146146146146 0.6146146146146146 0.16696684970742007
0.6156156156156156 0.6156156156156156 0.1785548667739599
0.6166166166166166 0.6166166166166166 0.30416658299852073
0.6176176176176176 0.6176176176176176 0.23478718366968024
0.6186186186186187 0.6186186186186187 0.22751331278522083
0.6196196196196196 0.6196196196196196 0.19468973536504944
0.6206206206206206 0.6206206206206206 0.15853447907839288
0.6216216216216216 0.6216216216216216 -0.03350247227362216
0.6226226226226226 0.6226226226226226 0.23643582312916475
0.6236236236236237 0.6236236236236237 0.287313044251858
0.6246246246246246 0.6246246246246246 0.2467256067894235
0.6256256256256256 0.6256256256256256 0.1430249052766171
0.6266266266266266 0.6266266266266266 0.10193257068423174
0.6276276276276276 0.6276276276276276 0.24972276082388187
0.6286286286286287 0.6286286286286287 0.14172524715404677
0.6296296296296297 0.6296296296296297 0.28381346912826094
0.6306306306306306 0.6306306306306306 0.1130169438907026
0.6316316316316316 0.6316316316316316 0.22233610252454747
0.6326326326326326 0.6326326326326326 0.04731596101182023
0.6336336336336337 0.6336336336336337 0.23416444206924839
0.6346346346346347 0.6346346346346347 0.17532947133631327
0.6356356356356356 0.6356356356356356 0.19749072278947974
0.6366366366366366 0.6366366366366366 0.23394692842992854
0.6376376376376376 0.6376376376376376 0.2431489286928183
0.6386386386386387 0.6386386386386387 0.18556993396592983
0.6396396396396397 0.6396396396396397 0.1650414305031961
0.6406406406406406 0.6406406406406406 0.3107640548900933
0.6416416416416416 0.6416416416416416 0.28081035519255676
0.6426426426426426 0.6426426426426426 0.1511670378836095
0.6436436436436437 0.6436436436436437 0.08074317194149694
0.6446446446446447 0.6446446446446447 0.13017226178306285
0.6456456456456456 0.6456456456456456 0.17732397552670456
0.6466466466466466 0.6466466466466466 0.054362605285141696
0.6476476476476476 0.6476476476476476 0.26304669606279485
0.6486486486486487 0.6486486486486487 0.2163482188272866
0.6496496496496497 0.6496496496496497 0.23103556462751013
0.6506506506506506 0.6506506506506506 0.20128641956136567
0.6516516516516516 0.6516516516516516 0.27627141682155815
0.6526526526526526 0.6526526526526526 0.1326140254797342
0.6536536536536537 0.6536536536536537 0.14937970659768623
0.6546546546546547 0.6546546546546547 0.16601423455413156
0.6556556556556556 0.6556556556556556 0.2838090308668228
0.6566566566566566 0.6566566566566566 0.30709474515042456
0.6576576576576576 0.6576576576576576 0.1595855582115709
0.6586586586586587 0.6586586586586587 0.21156052980089068
0.6596596596596597 0.6596596596596597 0.2327006155045533
0.6606606606606606 0.6606606606606606 0.24680359095624382
0.6616616616616616 0.6616616616616616 0.07870958728576785
0.6626626626626626 0.6626626626626626 0.1707606729250496
0.6636636636636637 0.6636636636636637 0.08617513408494014
0.6646646646646647 0.6646646646646647 0.09235963669426842
0.6656656656656657 0.6656656656656657 0.28898118573158993
0.6666666666666666 0.6666666666666666 0.19394344188329316
0.6676676676676676 0.6676676676676676 0.14870886519621487
0.6686686686686687 0.6686686686686687 0.20525899951414595
0.6696696696696697 0.6696696696696697 0.20087526141901593
0.6706706706706707 0.6706706706706707 0.2050713512905173
0.6716716716716716 0.6716716716716716 0.2230916416836953
0.6726726726726726 0.6726726726726726 0.06748378014684472
0.6736736736736737 0.6736736736736737 0.22044802195777713
0.6746746746746747 0.6746746746746747 0.22618108525584407
0.6756756756756757 0.6756756756756757 0.12464598769731375
0.6766766766766766 0.6766766766766766 0.17392516622438114
0.6776776776776777 0.6776776776776777 -0.02736991213911677
0.6786786786786787 0.6786786786786787 0.14874196428643569
0.6796796796796797 0.6796796796796797 0.15189751615635566
0.6806806806806807 0.6806806806806807 0.1515855886724302
0.6816816816816816 0.6816816816816816 0.21492244113662695
0.6826826826826827 0.6826826826826827 0.21405661536508475
0.6836836836836837 0.6836836836836837 -0.03788461459610534
0.6846846846846847 0.6846846846846847 0.07012673817771595
0.6856856856856857 0.6856856856856857 0.15521372854895849
0.6866866866866866 0.6866866866866866 0.11990047595344265
0.6876876876876877 0.6876876876876877 0.1101163863937667
0.6886886886886887 0.6886886886886887 0.11528259551317825
0.6896896896896897 0.6896896896896897 0.027769211683131012
0.6906906906906907 0.6906906906906907 0.05720507621111373
0.6916916916916916 0.6916916916916916 0.05526564494552175
0.6926926926926927 0.6926926926926927 0.1832901840731031
0.6936936936936937 0.6936936936936937 0.09962854487220751
0.6946946946946947 0.6946946946946947 0.06041663619218464
0.6956956956956957 0.6956956956956957 0.13142002656205043
0.6966966966966966 0.6966966966966966 0.06550485018224465
0.6976976976976977 0.6976976976976977 0.164530925438772
0.6986986986986987 0.6986986986986987 0.11778054592724005
0.6996996996996997 0.6996996996996997 0.20356110011429163
0.7007007007007007 0.7007007007007007 -0.011177403369413308
0.7017017017017017 0.7017017017017017 0.15684467198044377
0.7027027027027027 0.7027027027027027 0.07567937591572725
0.7037037037037037 0.7037037037037037 0.1500877764801241
0.7047047047047047 0.7047047047047047 0.1582414195313855
0.7057057057057057 0.7057057057057057 0.19515429502882212
0.7067067067067067 0.7067067067067067 0.21573718005504589
0.7077077077077077 0.7077077077077077 0.055684662421076905
0.7087087087087087 0.7087087087087087 0.20381729950148214
0.7097097097097097 0.7097097097097097 0.1938069861678227
0.7107107107107107 0.7107107107107107 0.14091308599673338
0.7117117117117117 0.7117117117117117 0.03974366709144514
0.7127127127127127 0.7127127127127127 0.13721280928665552
0.7137137137137137 0.7137137137137137 0.034469682098900986
0.7147147147147147 0.7147147147147147 0.12412744547874674
0.7157157157157157 0.7157157157157157 0.12304752095768318
0.7167167167167167 0.7167167167167167 0.26624979299233736
0.7177177177177178 0.7177177177177178 0.19417680673144355
0.7187187187187187 0.7187187187187187 0.16008695101079964
0.7197197197197197 0.7197197197197197 0.2826414776362022
0.7207207207207207 0.7207207207207207 0.23435038788882892
0.7217217217217217 0.7217217217217217 0.17389251464580108
0.7227227227227228 0.7227227227227228 0.30010420774347313
0.7237237237237237 0.7237237237237237 0.11282319620418185
0.7247247247247247 0.7247247247247247 0.26139631916827677
0.7257257257257257 0.7257257257257257 0.06127688418973096
0.7267267267267267 0.7267267267267267 -0.07077107547579972
0.7277277277277278 0.7277277277277278 0.16501461372087914
0.7287287287287287 0.7287287287287287 -0.04241596049229174
0.7297297297297297 0.7297297297297297 0.006599204117714419
0.7307307307307307 0.7307307307307307 0.07591312000933086
0.7317317317317317 0.7317317317317317 -0.01189384921939482
0.7327327327327328 0.7327327327327328 0.25990824077634156
0.7337337337337337 0.7337337337337337 0.05252478003902884
0.7347347347347347 0.7347347347347347 0.17031091247125532
0.7357357357357357 0.7357357357357357 0.14518192341496067
0.7367367367367368 0.7367367367367368 -0.033038770744147794
0.7377377377377378 0.7377377377377378 0.1633919759408154
0.7387387387387387 0.7387387387387387 -0.02470358780094578
0.7397397397397397 0.7397397397397397 0.2087299249459147
0.7407407407407407 0.7407407407407407 -0.014592313972395188
0.7417417417417418 0.7417417417417418 -0.04421744841137555
0.7427427427427428 0.7427427427427428 0.1440025131067941
0.7437437437437437 0.7437437437437437 0.44559623049896935
0.7447447447447447 0.7447447447447447 0.10845210098920101
0.7457457457457457 0.7457457457457457 0.1278979511412556
0.7467467467467468 0.7467467467467468 0.1476643396916717
0.7477477477477478 0.7477477477477478 -0.008488370050876728
0.7487487487487487 0.7487487487487487 0.13542770579743008
0.7497497497497497 0.7497497497497497 -0.11014176165618893
0.7507507507507507 0.7507507507507507 -0.012003097860887518
0.7517517517517518 0.7517517517517518 0.23203173558189447
0.7527527527527528 0.7527527527527528 0.08784850195384145
0.7537537537537538 0.7537537537537538 0.03679853044119641
0.7547547547547547 0.7547547547547547 0.20688831109321884
0.7557557557557557 0.7557557557557557 0.2912004123544475
0.7567567567567568 0.7567567567567568 0.16890463871727618
0.7577577577577578 0.7577577577577578 0.186372981539361
0.7587587587587588 0.7587587587587588 0.1336263488667167
0.7597597597597597 0.7597597597597597 0.039993714444062564
0.7607607607607607 0.7607607607607607 -0.0135549133566025
0.7617617617617618 0.7617617617617618 0.006901904385092722
0.7627627627627628 0.7627627627627628 0.13424580597441668
0.7637637637637638 0.7637637637637638 0.04990570203180056
0.7647647647647647 0.7647647647647647 0.20984798553750747
0.7657657657657657 0.7657657657657657 0.05320408216750726
0.7667667667667668 0.7667667667667668 0.05304948563307612
0.7677677677677678 0.7677677677677678 0.0986703761469228
0.7687687687687688 0.7687687687687688 0.22381100654863123
0.7697697697697697 0.7697697697697697 0.12609241973540036
0.7707707707707707 0.7707707707707707 0.20600217282778255
0.7717717717717718 0.7717717717717718 0.21761336343832216
0.7727727727727728 0.7727727727727728 0.2426388187533171
0.7737737737737738 0.7737737737737738 0.19270659397099954
0.7747747747747747 0.7747747747747747 0.1798987982535568
0.7757757757757757 0.7757757757757757 0.07170608137403651
0.7767767767767768 0.7767767767767768 0.1028900256774065
0.7777777777777778 0.7777777777777778 0.16145209434654398
0.7787787787787788 0.7787787787787788 -0.014452924135296696
0.7797797797797797 0.7797797797797797 0.08769304277534584
0.7807807807807807 0.7807807807807807 0.14362403942524277
0.7817817817817818 0.7817817817817818 0.15848788132205402
0.7827827827827828 0.7827827827827828 0.022212730393081553
0.7837837837837838 0.7837837837837838 0.05477378493046727
0.7847847847847848 0.7847847847847848 0.3306719317360619
0.7857857857857857 0.7857857857857857 -0.07624503703464754
0.7867867867867868 0.7867867867867868 0.17127781483114352
0.7877877877877878 0.7877877877877878 0.17800451021792402
0.7887887887887888 0.7887887887887888 -0.08966656888549905
0.7897897897897898 0.7897897897897898 0.008790834106111006
0.7907907907907907 0.7907907907907907 -0.08714754250480664
0.7917917917917918 0.7917917917917918 0.04187002755199029
0.7927927927927928 0.7927927927927928 0.13788617090207717
0.7937937937937938 0.7937937937937938 0.006745179075605692
0.7947947947947948 0.7947947947947948 -0.0729526091493747
0.7957957957957957 0.7957957957957957 0.02201055682749635
0.7967967967967968 0.7967967967967968 0.08390213053516218
0.7977977977977978 0.7977977977977978 0.09131571782233834
0.7987987987987988 0.7987987987987988 0.027353818429430007
0.7997997997997998 0.7997997997997998 0.007535305772409587
0.8008008008008007 0.8008008008008007 0.13718434910509036
0.8018018018018018 0.8018018018018018 -0.023132139836572405
0.8028028028028028 0.8028028028028028 0.14954083384964112
0.8038038038038038 0.8038038038038038 0.05165922603653679
0.8048048048048048 0.8048048048048048 0.01912617943263928
0.8058058058058059 0.8058058058058059 0.13248437858993456
0.8068068068068068 0.8068068068068068 0.19623800558146925
0.8078078078078078 0.8078078078078078 0.17840432606444123
0.8088088088088088 0.8088088088088088 0.18700420783002347
0.8098098098098098 0.8098098098098098 0.017864944552965112
0.8108108108108109 0.8108108108108109 0.032752076571343144
0.8118118118118118 0.8118118118118118 0.10946597522100225
0.8128128128128128 0.8128128128128128 0.0424960745524396
0.8138138138138138 0.8138138138138138 0.1723780328231957
0.8148148148148148 0.8148148148148148 0.022468465987281534
0.8158158158158159 0.8158158158158159 0.13193882131996154
0.8168168168168168 0.8168168168168168 0.010732776527110965
0.8178178178178178 0.8178178178178178 -0.05406939088651391
0.8188188188188188 0.8188188188188188 0.14698093118885086
0.8198198198198198 0.8198198198198198 0.16043707074457075
0.8208208208208209 0.8208208208208209 0.030460235691251183
0.8218218218218218 0.8218218218218218 -0.11618624650092471
0.8228228228228228 0.8228228228228228 -0.08605025635291245
0.8238238238238238 0.8238238238238238 -0.03458942463253954
0.8248248248248248 0.8248248248248248 0.17775846966398934
0.8258258258258259 0.8258258258258259 0.08538221497919748
0.8268268268268268 0.8268268268268268 -0.16774067470944437
0.8278278278278278 0.8278278278278278 0.10705359741390605
0.8288288288288288 0.8288288288288288 -0.02693940627554116
0.8298298298298298 0.8298298298298298 -0.03614361808731838
0.8308308308308309 0.8308308308308309 0.09138798986110365
0.8318318318318318 0.8318318318318318 0.00903643164274301
0.8328328328328328 0.8328328328328328 0.16415365454537695
0.8338338338338338 0.8338338338338338 0.17215695065070763
0.8348348348348348 0.8348348348348348 0.28362211980197727
0.8358358358358359 0.8358358358358359 0.20176086246167102
0.8368368368368369 0.8368368368368369 -0.07823348106640021
0.8378378378378378 0.8378378378378378 -0.03073889027146659
0.8388388388388388 0.8388388388388388 0.06789572246090912
0.8398398398398398 0.8398398398398398 0.12789577483579329
0.8408408408408409 0.8408408408408409 0.21008025739125963
0.8418418418418419 0.8418418418418419 0.18198531511273464
0.8428428428428428 0.8428428428428428 0.09534135957740601
0.8438438438438438 0.8438438438438438 0.07819006170710988
0.8448448448448448 0.8448448448448448 -0.007790665548168624
0.8458458458458459 0.8458458458458459 0.05383124331677802
0.8468468468468469 0.8468468468468469 0.16635147549224394
0.8478478478478478 0.8478478478478478 0.10932282633841849
0.8488488488488488 0.8488488488488488 0.054625321009456135
0.8498498498498498 0.8498498498498498 -0.008733410932996552
0.8508508508508509 0.8508508508508509 0.0628516117559696
0.8518518518518519 0.8518518518518519 0.008721438703611674
0.8528528528528528 0.8528528528528528 0.10905133133404235
0.8538538538538538 0.8538538538538538 0.18107321831116635
0.8548548548548548 0.8548548548548548 -0.004821379098287545
0.8558558558558559 0.8558558558558559 0.03306113488655515
0.8568568568568569 0.8568568568568569 0.0003401473524712595
0.8578578578578578 0.8578578578578578 0.0763695862302559
0.8588588588588588 0.8588588588588588 -0.043365564535609746
0.8598598598598598 0.8598598598598598 -0.0090095363149158
0.8608608608608609 0.8608608608608609 -0.06375472846044614
0.8618618618618619 0.8618618618618619 -0.07208874447902679
0.8628628628628628 0.8628628628628628 0.20577209287952364
0.8638638638638638 0.8638638638638638 -0.10900519385573024
0.8648648648648649 0.8648648648648649 0.11891100091486359
0.8658658658658659 0.8658658658658659 -0.01163694502345139
0.8668668668668669 0.8668668668668669 0.10651260198587648
0.8678678678678678 0.8678678678678678 -0.09424625369073962
0.8688688688688688 0.8688688688688688 0.08480684677401593
0.8698698698698699 0.8698698698698699 -0.021597770409745462
0.8708708708708709 0.8708708708708709 0.048306200018512616
0.8718718718718719 0.8718718718718719 0.16098688958527457
0.8728728728728729 0.8728728728728729 0.16242067875607236
0.8738738738738738 0.8738738738738738 -0.11501169879704586
0.8748748748748749 0.8748748748748749 -0.14093111722012253
0.8758758758758759 0.8758758758758759 0.07986317670237486
0.8768768768768769 0.8768768768768769 0.08873939674257109
0.8778778778778779 0.8778778778778779 0.0742353627339663
0.8788788788788788 0.8788788788788788 0.08702997812060648
0.8798798798798799 0.8798798798798799 0.05797560099576867
0.8808808808808809 0.8808808808808809 -0.05963282651604562
0.8818818818818819 0.8818818818818819 0.024273862062966105
0.8828828828828829 0.8828828828828829 -0.04433389573574094
0.8838838838838838 0.8838838838838838 0.08225736205429712
0.8848848848848849 0.8848848848848849 0.06885108280606325
0.8858858858858859 0.8858858858858859 0.14220241837385003
0.8868868868868869 0.8868868868868869 0.01696089555344453
0.8878878878878879 0.8878878878878879 0.002035214307572808
0.8888888888888888 0.8888888888888888 0.07295156280928397
0.8898898898898899 0.8898898898898899 0.18694625106514223
0.8908908908908909 0.8908908908908909 -0.060190405584089265
0.8918918918918919 0.8918918918918919 0.12614628545468315
0.8928928928928929 0.8928928928928929 0.15335591763903422
0.8938938938938938 0.8938938938938938 0.0521414273010676
0.8948948948948949 0.8948948948948949 0.15273345014877227
0.8958958958958959 0.8958958958958959 0.05005015390160327
0.8968968968968969 0.8968968968968969 -0.009721151918822564
0.8978978978978979 0.8978978978978979 0.034168498656774224
0.8988988988988988 0.8988988988988988 0.2408481360868948
0.8998998998998999 0.8998998998998999 0.08942926180444985
0.9009009009009009 0.9009009009009009 0.18615222834417147
0.9019019019019019 0.9019019019019019 -0.06945532016230248
0.9029029029029029 0.9029029029029029 0.2440741565538
0.9039039039039038 0.9039039039039038 -0.15198260959177232
0.9049049049049049 0.9049049049049049 0.12487021759956171
0.9059059059059059 0.9059059059059059 0.10338977665172763
0.9069069069069069 0.9069069069069069 0.11703630791527661
0.9079079079079079 0.9079079079079079 0.035242496222071144
0.9089089089089089 0.9089089089089089 0.09684867790369413
0.9099099099099099 0.9099099099099099 0.1931530022012562
0.9109109109109109 0.9109109109109109 0.11210150835884143
0.9119119119119119 0.9119119119119119 -0.007988608530220521
0.9129129129129129 0.9129129129129129 -0.036610713892964844
0.9139139139139139 0.9139139139139139 0.08624201206076051
0.914914914914915 0.914914914914915 0.13466204298890266
0.9159159159159159 0.9159159159159159 0.04146517260741091
0.9169169169169169 0.9169169169169169 0.03327252692348172
0.9179179179179179 0.9179179179179179 0.2062825568827891
0.9189189189189189 0.9189189189189189 0.007422534059810207
0.91991991991992 0.91991991991992 0.0673847724838714
0.9209209209209209 0.9209209209209209 0.14260364623408917
0.9219219219219219 0.9219219219219219 0.20407389835347606
0.9229229229229229 0.9229229229229229 0.0352258862459413
0.9239239239239239 0.9239239239239239 0.09723601761648526
0.924924924924925 0.924924924924925 0.05288948871438544
0.9259259259259259 0.9259259259259259 0.08524717268286391
0.9269269269269269 0.9269269269269269 -0.060307402148838944
0.9279279279279279 0.9279279279279279 -0.03668237381467903
0.9289289289289289 0.9289289289289289 0.15787636234357647
0.92992992992993 0.92992992992993 0.037976729967825515
0.9309309309309309 0.9309309309309309 -0.06487155966201938
0.9319319319319319 0.9319319319319319 0.2205689056405094
0.9329329329329329 0.9329329329329329 0.27627328562206116
0.933933933933934 0.933933933933934 0.1723609605816796
0.934934934934935 0.934934934934935 0.026724279573238828
0.9359359359359359 0.9359359359359359 -0.04811338152033132
0.9369369369369369 0.9369369369369369 0.14250080163613033
0.9379379379379379 0.9379379379379379 -0.03973838994314038
0.938938938938939 0.938938938938939 0.1009816893242816
0.93993993993994 0.93993993993994 0.03617810386036966
0.9409409409409409 0.9409409409409409 0.10221515001165438
0.9419419419419419 0.9419419419419419 0.01632301254868415
0.9429429429429429 0.9429429429429429 0.20798078225285632
0.943943943943944 0.943943943943944 -0.07376775661153545
0.944944944944945 0.944944944944945 0.0757787315561417
0.9459459459459459 0.9459459459459459 0.027145181082212033
0.9469469469469469 0.9469469469469469 0.18811208873630883
0.9479479479479479 0.9479479479479479 0.002267370607704343
0.948948948948949 0.948948948948949 0.01615458843830026
0.94994994994995 0.94994994994995 0.17136798658515534
0.950950950950951 0.950950950950951 -0.03039915574218363
0.9519519519519519 0.9519519519519519 0.1077728035981638
0.9529529529529529 0.9529529529529529 0.013286404912367312
0.953953953953954 0.953953953953954 0.08888967217236088
0.954954954954955 0.954954954954955 0.1308036357206645
0.955955955955956 0.955955955955956 -0.014289501112947502
0.9569569569569569 0.9569569569569569 0.047117550170310114
0.9579579579579579 0.9579579579579579 0.029896024848075048
0.958958958958959 0.958958958958959 0.10836540008190443
0.95995995995996 0.95995995995996 -0.06424132216139014
0.960960960960961 0.960960960960961 0.1406036871538243
0.9619619619619619 0.9619619619619619 -0.0006499770630225277
0.9629629629629629 0.9629629629629629 -0.0687108590122814
0.963963963963964 0.963963963963964 0.060447054492522856
0.964964964964965 0.964964964964965 0.16854284868428349
0.965965965965966 0.965965965965966 -0.04112449764285004
0.9669669669669669 0.9669669669669669 -0.012948942776860477
0.9679679679679679 0.9679679679679679 0.158959124806492
0.968968968968969 0.968968968968969 -0.0069935349411818365
0.96996996996997 0.96996996996997 -0.0370920980423312
0.970970970970971 0.970970970970971 0.14352349177649057
0.9719719719719719 0.9719719719719719 0.09638066142095067
0.9729729729729729 0.9729729729729729 0.03195794323769212
0.973973973973974 0.973973973973974 -0.03858435524834424
0.974974974974975 0.974974974974975 0.04628463753795819
0.975975975975976 0.975975975975976 0.02190645643949828
0.9769769769769769 0.9769769769769769 0.2118870221573344
0.9779779779779779 0.9779779779779779 0.07334549601628715
0.978978978978979 0.978978978978979 0.07678814771147771
0.97997997997998 0.97997997997998 -0.07981996873883304
0.980980980980981 0.980980980980981 0.14907355228763922
0.9819819819819819 0.9819819819819819 0.1290445879840405
0.9829829829829829 0.9829829829829829 0.19217463657537065
0.983983983983984 0.983983983983984 0.18724562046544552
0.984984984984985 0.984984984984985 -0.03640091451365967
0.985985985985986 0.985985985985986 0.10269515864201112
0.986986986986987 0.986986986986987 0.12368616671287821
0.9879879879879879 0.9879879879879879 0.14938340206909798
0.988988988988989 0.988988988988989 0.13582942347948004
0.98998998998999 0.98998998998999 0.327084560042531
0.990990990990991 0.990990990990991 0.07075064416361279
0.991991991991992 0.991991991991992 0.031605317007514795
0.992992992992993 0.992992992992993 0.13836385561600933
0.993993993993994 0.993993993993994 -0.006137467531230283
0.994994994994995 0.994994994994995 0.0623020877777347
0.995995995995996 0.995995995995996 0.09220062404198986
0.996996996996997 0.996996996996997 0.046821145673343084
0.997997997997998 0.997997997997998 0.09611234866082997
0.998998998998999 0.998998998998999 0.13597747960115714
1.0 1.0 -0.01256557004230878
