0.0 0.0 677
1.0 0.0 680
2.0 0.0 682
3.0 0.0 684
4.0 0.0 685
5.0 0.0 686
6.0 0.0 688
7.0 0.0 691
8.0 0.0 694
9.0 0.0 695
10.0 0.0 697
11.0 0.0 698
12.0 0.0 700
13.0 0.0 701
14.0 0.0 701
15.0 0.0 702
16.0 0.0 703
17.0 0.0 704
18.0 0.0 704
19.0 0.0 704
20.0 0.0 704
21.0 0.0 704
22.0 0.0 704
23.0 0.0 703
24.0 0.0 704
25.0 0.0 706
26.0 0.0 707
27.0 0.0 709
28.0 0.0 711
29.0 0.0 714
30.0 0.0 716
31.0 0.0 715
0.0 1.0 675
1.0 1.0 677
2.0 1.0 681
3.0 1.0 683
4.0 1.0 685
5.0 1.0 686
6.0 1.0 688
7.0 1.0 692
8.0 1.0 694
9.0 1.0 696
10.0 1.0 698
11.0 1.0 700
12.0 1.0 701
13.0 1.0 702
14.0 1.0 702
15.0 1.0 702
16.0 1.0 703
17.0 1.0 703
18.0 1.0 703
19.0 1.0 703
20.0 1.0 704
21.0 1.0 704
22.0 1.0 705
23.0 1.0 704
24.0 1.0 705
25.0 1.0 707
26.0 1.0 708
27.0 1.0 709
28.0 1.0 710
29.0 1.0 712
30.0 1.0 715
31.0 1.0 716
0.0 2.0 673
1.0 2.0 677
2.0 2.0 681
3.0 2.0 684
4.0 2.0 685
5.0 2.0 687
6.0 2.0 690
7.0 2.0 694
8.0 2.0 696
9.0 2.0 698
10.0 2.0 699
11.0 2.0 700
12.0 2.0 701
13.0 2.0 702
14.0 2.0 702
15.0 2.0 703
16.0 2.0 703
17.0 2.0 704
18.0 2.0 703
19.0 2.0 703
20.0 2.0 703
21.0 2.0 704
22.0 2.0 705
23.0 2.0 707
24.0 2.0 708
25.0 2.0 707
26.0 2.0 709
27.0 2.0 711
28.0 2.0 712
29.0 2.0 714
30.0 2.0 716
31.0 2.0 716
0.0 3.0 672
1.0 3.0 677
2.0 3.0 681
3.0 3.0 684
4.0 3.0 687
5.0 3.0 688
6.0 3.0 691
7.0 3.0 695
8.0 3.0 697
9.0 3.0 699
10.0 3.0 699
11.0 3.0 700
12.0 3.0 701
13.0 3.0 702
14.0 3.0 703
15.0 3.0 704
16.0 3.0 704
17.0 3.0 705
18.0 3.0 705
19.0 3.0 704
20.0 3.0 704
21.0 3.0 705
22.0 3.0 707
23.0 3.0 709
24.0 3.0 710
25.0 3.0 712
26.0 3.0 713
27.0 3.0 715
28.0 3.0 716
29.0 3.0 718
30.0 3.0 720
31.0 3.0 720
0.0 4.0 673
1.0 4.0 677
2.0 4.0 682
3.0 4.0 686
4.0 4.0 688
5.0 4.0 689
6.0 4.0 693
7.0 4.0 696
8.0 4.0 698
9.0 4.0 699
10.0 4.0 700
11.0 4.0 700
12.0 4.0 702
13.0 4.0 704
14.0 4.0 705
15.0 4.0 705
16.0 4.0 706
17.0 4.0 707
18.0 4.0 707
19.0 4.0 706
20.0 4.0 706
21.0 4.0 706
22.0 4.0 708
23.0 4.0 710
24.0 4.0 714
25.0 4.0 718
26.0 4.0 721
27.0 4.0 722
28.0 4.0 724
29.0 4.0 727
30.0 4.0 730
31.0 4.0 731
0.0 5.0 674
1.0 5.0 679
2.0 5.0 683
3.0 5.0 687
4.0 5.0 689
5.0 5.0 691
6.0 5.0 694
7.0 5.0 697
8.0 5.0 698
9.0 5.0 700
10.0 5.0 701
11.0 5.0 702
12.0 5.0 704
13.0 5.0 706
14.0 5.0 707
15.0 5.0 708
16.0 5.0 709
17.0 5.0 709
18.0 5.0 709
19.0 5.0 708
20.0 5.0 708
21.0 5.0 709
22.0 5.0 711
23.0 5.0 714
24.0 5.0 719
25.0 5.0 725
26.0 5.0 730
27.0 5.0 734
28.0 5.0 740
29.0 5.0 743
30.0 5.0 746
31.0 5.0 750
0.0 6.0 674
1.0 6.0 679
2.0 6.0 684
3.0 6.0 688
4.0 6.0 690
5.0 6.0 693
6.0 6.0 695
7.0 6.0 697
8.0 6.0 699
9.0 6.0 701
10.0 6.0 703
11.0 6.0 706
12.0 6.0 708
13.0 6.0 708
14.0 6.0 709
15.0 6.0 711
16.0 6.0 712
17.0 6.0 712
18.0 6.0 710
19.0 6.0 710
20.0 6.0 711
21.0 6.0 713
22.0 6.0 717
23.0 6.0 726
24.0 6.0 732
25.0 6.0 739
26.0 6.0 744
27.0 6.0 751
28.0 6.0 757
29.0 6.0 760
30.0 6.0 765
31.0 6.0 769
0.0 7.0 675
1.0 7.0 679
2.0 7.0 684
3.0 7.0 688
4.0 7.0 692
5.0 7.0 694
6.0 7.0 696
7.0 7.0 698
8.0 7.0 700
9.0 7.0 702
10.0 7.0 705
11.0 7.0 708
12.0 7.0 709
13.0 7.0 711
14.0 7.0 712
15.0 7.0 713
16.0 7.0 713
17.0 7.0 713
18.0 7.0 712
19.0 7.0 713
20.0 7.0 716
21.0 7.0 721
22.0 7.0 730
23.0 7.0 742
24.0 7.0 750
25.0 7.0 758
26.0 7.0 765
27.0 7.0 772
28.0 7.0 775
29.0 7.0 778
30.0 7.0 780
31.0 7.0 781
0.0 8.0 676
1.0 8.0 679
2.0 8.0 683
3.0 8.0 688
4.0 8.0 693
5.0 8.0 696
6.0 8.0 697
7.0 8.0 700
8.0 8.0 702
9.0 8.0 705
10.0 8.0 707
11.0 8.0 709
12.0 8.0 710
13.0 8.0 712
14.0 8.0 714
15.0 8.0 715
16.0 8.0 715
17.0 8.0 716
18.0 8.0 717
19.0 8.0 720
20.0 8.0 727
21.0 8.0 733
22.0 8.0 741
23.0 8.0 754
24.0 8.0 765
25.0 8.0 775
26.0 8.0 784
27.0 8.0 790
28.0 8.0 791
29.0 8.0 794
30.0 8.0 795
31.0 8.0 795
0.0 9.0 677
1.0 9.0 681
2.0 9.0 684
3.0 9.0 689
4.0 9.0 693
5.0 9.0 696
6.0 9.0 699
7.0 9.0 702
8.0 9.0 705
9.0 9.0 707
10.0 9.0 709
11.0 9.0 711
12.0 9.0 712
13.0 9.0 715
14.0 9.0 717
15.0 9.0 719
16.0 9.0 721
17.0 9.0 723
18.0 9.0 726
19.0 9.0 730
20.0 9.0 737
21.0 9.0 746
22.0 9.0 756
23.0 9.0 769
24.0 9.0 780
25.0 9.0 790
26.0 9.0 799
27.0 9.0 805
28.0 9.0 809
29.0 9.0 813
30.0 9.0 814
31.0 9.0 812
0.0 10.0 678
1.0 10.0 681
2.0 10.0 685
3.0 10.0 690
4.0 10.0 693
5.0 10.0 697
6.0 10.0 701
7.0 10.0 705
8.0 10.0 707
9.0 10.0 710
10.0 10.0 712
11.0 10.0 714
12.0 10.0 716
13.0 10.0 719
14.0 10.0 722
15.0 10.0 726
16.0 10.0 730
17.0 10.0 732
18.0 10.0 735
19.0 10.0 740
20.0 10.0 748
21.0 10.0 762
22.0 10.0 776
23.0 10.0 790
24.0 10.0 800
25.0 10.0 807
26.0 10.0 815
27.0 10.0 821
28.0 10.0 825
29.0 10.0 827
30.0 10.0 827
31.0 10.0 821
0.0 11.0 678
1.0 11.0 682
2.0 11.0 685
3.0 11.0 689
4.0 11.0 694
5.0 11.0 699
6.0 11.0 703
7.0 11.0 706
8.0 11.0 710
9.0 11.0 714
10.0 11.0 717
11.0 11.0 719
12.0 11.0 721
13.0 11.0 724
14.0 11.0 729
15.0 11.0 734
16.0 11.0 739
17.0 11.0 744
18.0 11.0 747
19.0 11.0 752
20.0 11.0 763
21.0 11.0 778
22.0 11.0 793
23.0 11.0 805
24.0 11.0 816
25.0 11.0 825
26.0 11.0 831
27.0 11.0 834
28.0 11.0 836
29.0 11.0 837
30.0 11.0 834
31.0 11.0 824
0.0 12.0 679
1.0 12.0 683
2.0 12.0 686
3.0 12.0 690
4.0 12.0 696
5.0 12.0 701
6.0 12.0 704
7.0 12.0 709
8.0 12.0 713
9.0 12.0 717
10.0 12.0 721
11.0 12.0 725
12.0 12.0 727
13.0 12.0 731
14.0 12.0 739
15.0 12.0 745
16.0 12.0 751
17.0 12.0 756
18.0 12.0 760
19.0 12.0 767
20.0 12.0 780
21.0 12.0 794
22.0 12.0 807
23.0 12.0 817
24.0 12.0 828
25.0 12.0 837
26.0 12.0 840
27.0 12.0 840
28.0 12.0 842
29.0 12.0 842
30.0 12.0 836
31.0 12.0 825
0.0 13.0 681
1.0 13.0 685
2.0 13.0 689
3.0 13.0 693
4.0 13.0 698
5.0 13.0 703
6.0 13.0 707
7.0 13.0 713
8.0 13.0 717
9.0 13.0 722
10.0 13.0 727
11.0 13.0 730
12.0 13.0 733
13.0 13.0 740
14.0 13.0 747
15.0 13.0 756
16.0 13.0 764
17.0 13.0 770
18.0 13.0 773
19.0 13.0 781
20.0 13.0 793
21.0 13.0 808
22.0 13.0 821
23.0 13.0 830
24.0 13.0 839
25.0 13.0 844
26.0 13.0 845
27.0 13.0 843
28.0 13.0 842
29.0 13.0 841
30.0 13.0 836
31.0 13.0 829
0.0 14.0 683
1.0 14.0 687
2.0 14.0 692
3.0 14.0 697
4.0 14.0 702
5.0 14.0 707
6.0 14.0 712
7.0 14.0 716
8.0 14.0 721
9.0 14.0 727
10.0 14.0 732
11.0 14.0 737
12.0 14.0 743
13.0 14.0 751
14.0 14.0 758
15.0 14.0 767
16.0 14.0 776
17.0 14.0 782
18.0 14.0 786
19.0 14.0 793
20.0 14.0 804
21.0 14.0 817
22.0 14.0 831
23.0 14.0 839
24.0 14.0 844
25.0 14.0 845
26.0 14.0 845
27.0 14.0 844
28.0 14.0 840
29.0 14.0 837
30.0 14.0 835
31.0 14.0 835
0.0 15.0 685
1.0 15.0 690
2.0 15.0 695
3.0 15.0 700
4.0 15.0 705
5.0 15.0 710
6.0 15.0 715
7.0 15.0 720
8.0 15.0 726
9.0 15.0 732
10.0 15.0 738
11.0 15.0 746
12.0 15.0 755
13.0 15.0 764
14.0 15.0 772
15.0 15.0 779
16.0 15.0 786
17.0 15.0 792
18.0 15.0 798
19.0 15.0 803
20.0 15.0 811
21.0 15.0 824
22.0 15.0 835
23.0 15.0 839
24.0 15.0 841
25.0 15.0 842
26.0 15.0 841
27.0 15.0 839
28.0 15.0 834
29.0 15.0 833
30.0 15.0 835
31.0 15.0 839
0.0 16.0 687
1.0 16.0 692
2.0 16.0 698
3.0 16.0 703
4.0 16.0 709
5.0 16.0 714
6.0 16.0 719
7.0 16.0 725
8.0 16.0 731
9.0 16.0 738
10.0 16.0 746
11.0 16.0 755
12.0 16.0 764
13.0 16.0 774
14.0 16.0 783
15.0 16.0 789
16.0 16.0 795
17.0 16.0 802
18.0 16.0 806
19.0 16.0 811
20.0 16.0 818
21.0 16.0 829
22.0 16.0 834
23.0 16.0 835
24.0 16.0 833
25.0 16.0 831
26.0 16.0 831
27.0 16.0 829
28.0 16.0 829
29.0 16.0 832
30.0 16.0 835
31.0 16.0 840
0.0 17.0 690
1.0 17.0 695
2.0 17.0 702
3.0 17.0 707
4.0 17.0 712
5.0 17.0 718
6.0 17.0 724
7.0 17.0 730
8.0 17.0 736
9.0 17.0 744
10.0 17.0 753
11.0 17.0 763
12.0 17.0 775
13.0 17.0 785
14.0 17.0 794
15.0 17.0 800
16.0 17.0 805
17.0 17.0 810
18.0 17.0 813
19.0 17.0 816
20.0 17.0 820
21.0 17.0 824
22.0 17.0 824
23.0 17.0 823
24.0 17.0 821
25.0 17.0 820
26.0 17.0 820
27.0 17.0 821
28.0 17.0 824
29.0 17.0 829
30.0 17.0 833
31.0 17.0 837
0.0 18.0 693
1.0 18.0 699
2.0 18.0 705
3.0 18.0 710
4.0 18.0 715
5.0 18.0 722
6.0 18.0 729
7.0 18.0 734
8.0 18.0 742
9.0 18.0 752
10.0 18.0 762
11.0 18.0 774
12.0 18.0 786
13.0 18.0 795
14.0 18.0 802
15.0 18.0 808
16.0 18.0 811
17.0 18.0 810
18.0 18.0 809
19.0 18.0 810
20.0 18.0 813
21.0 18.0 814
22.0 18.0 813
23.0 18.0 812
24.0 18.0 813
25.0 18.0 814
26.0 18.0 815
27.0 18.0 817
28.0 18.0 820
29.0 18.0 824
30.0 18.0 828
31.0 18.0 832
0.0 19.0 697
1.0 19.0 702
2.0 19.0 707
3.0 19.0 713
4.0 19.0 719
5.0 19.0 726
6.0 19.0 733
7.0 19.0 739
8.0 19.0 749
9.0 19.0 758
10.0 19.0 770
11.0 19.0 783
12.0 19.0 794
13.0 19.0 801
14.0 19.0 805
15.0 19.0 807
16.0 19.0 807
17.0 19.0 805
18.0 19.0 802
19.0 19.0 801
20.0 19.0 802
21.0 19.0 804
22.0 19.0 804
23.0 19.0 804
24.0 19.0 805
25.0 19.0 807
26.0 19.0 810
27.0 19.0 812
28.0 19.0 814
29.0 19.0 816
30.0 19.0 819
31.0 19.0 821
0.0 20.0 700
1.0 20.0 706
2.0 20.0 711
3.0 20.0 716
4.0 20.0 723
5.0 20.0 730
6.0 20.0 736
7.0 20.0 744
8.0 20.0 753
9.0 20.0 763
10.0 20.0 777
11.0 20.0 787
12.0 20.0 794
13.0 20.0 798
14.0 20.0 799
15.0 20.0 798
16.0 20.0 797
17.0 20.0 795
18.0 20.0 793
19.0 20.0 792
20.0 20.0 793
21.0 20.0 794
22.0 20.0 796
23.0 20.0 797
24.0 20.0 799
25.0 20.0 802
26.0 20.0 805
27.0 20.0 807
28.0 20.0 808
29.0 20.0 808
30.0 20.0 805
31.0 20.0 803
0.0 21.0 703
1.0 21.0 708
2.0 21.0 714
3.0 21.0 721
4.0 21.0 727
5.0 21.0 732
6.0 21.0 739
7.0 21.0 749
8.0 21.0 757
9.0 21.0 769
10.0 21.0 780
11.0 21.0 786
12.0 21.0 788
13.0 21.0 789
14.0 21.0 789
15.0 21.0 788
16.0 21.0 786
17.0 21.0 784
18.0 21.0 783
19.0 21.0 784
20.0 21.0 785
21.0 21.0 786
22.0 21.0 789
23.0 21.0 791
24.0 21.0 794
25.0 21.0 798
26.0 21.0 801
27.0 21.0 802
28.0 21.0 800
29.0 21.0 795
30.0 21.0 790
31.0 21.0 788
0.0 22.0 705
1.0 22.0 711
2.0 22.0 719
3.0 22.0 725
4.0 22.0 730
5.0 22.0 735
6.0 22.0 742
7.0 22.0 751
8.0 22.0 761
9.0 22.0 772
10.0 22.0 779
11.0 22.0 781
12.0 22.0 782
13.0 22.0 781
14.0 22.0 780
15.0 22.0 778
16.0 22.0 776
17.0 22.0 775
18.0 22.0 776
19.0 22.0 778
20.0 22.0 780
21.0 22.0 782
22.0 22.0 785
23.0 22.0 789
24.0 22.0 794
25.0 22.0 797
26.0 22.0 799
27.0 22.0 798
28.0 22.0 792
29.0 22.0 784
30.0 22.0 779
31.0 22.0 777
0.0 23.0 708
1.0 23.0 714
2.0 23.0 721
3.0 23.0 728
4.0 23.0 733
5.0 23.0 738
6.0 23.0 744
7.0 23.0 752
8.0 23.0 763
9.0 23.0 770
10.0 23.0 774
11.0 23.0 776
12.0 23.0 777
13.0 23.0 774
14.0 23.0 771
15.0 23.0 770
16.0 23.0 769
17.0 23.0 770
18.0 23.0 772
19.0 23.0 774
20.0 23.0 777
21.0 23.0 781
22.0 23.0 786
23.0 23.0 792
24.0 23.0 795
25.0 23.0 797
26.0 23.0 796
27.0 23.0 793
28.0 23.0 785
29.0 23.0 776
30.0 23.0 770
31.0 23.0 766
0.0 24.0 710
1.0 24.0 716
2.0 24.0 722
3.0 24.0 729
4.0 24.0 735
5.0 24.0 740
6.0 24.0 746
7.0 24.0 753
8.0 24.0 760
9.0 24.0 764
10.0 24.0 768
11.0 24.0 770
12.0 24.0 769
13.0 24.0 765
14.0 24.0 763
15.0 24.0 763
16.0 24.0 763
17.0 24.0 767
18.0 24.0 770
19.0 24.0 774
20.0 24.0 778
21.0 24.0 783
22.0 24.0 790
23.0 24.0 795
24.0 24.0 797
25.0 24.0 795
26.0 24.0 792
27.0 24.0 787
28.0 24.0 779
29.0 24.0 770
30.0 24.0 763
31.0 24.0 758
0.0 25.0 712
1.0 25.0 717
2.0 25.0 723
3.0 25.0 729
4.0 25.0 735
5.0 25.0 740
6.0 25.0 745
7.0 25.0 751
8.0 25.0 756
9.0 25.0 759
10.0 25.0 761
11.0 25.0 761
12.0 25.0 759
13.0 25.0 757
14.0 25.0 757
15.0 25.0 759
16.0 25.0 762
17.0 25.0 767
18.0 25.0 771
19.0 25.0 775
20.0 25.0 780
21.0 25.0 786
22.0 25.0 793
23.0 25.0 797
24.0 25.0 798
25.0 25.0 795
26.0 25.0 788
27.0 25.0 780
28.0 25.0 772
29.0 25.0 765
30.0 25.0 758
31.0 25.0 752
0.0 26.0 715
1.0 26.0 719
2.0 26.0 724
3.0 26.0 729
4.0 26.0 735
5.0 26.0 740
6.0 26.0 743
7.0 26.0 747
8.0 26.0 750
9.0 26.0 752
10.0 26.0 752
11.0 26.0 751
12.0 26.0 751
13.0 26.0 753
14.0 26.0 756
15.0 26.0 759
16.0 26.0 763
17.0 26.0 769
18.0 26.0 773
19.0 26.0 778
20.0 26.0 783
21.0 26.0 788
22.0 26.0 793
23.0 26.0 797
24.0 26.0 798
25.0 26.0 793
26.0 26.0 783
27.0 26.0 774
28.0 26.0 767
29.0 26.0 761
30.0 26.0 755
31.0 26.0 749
0.0 27.0 718
1.0 27.0 721
2.0 27.0 725
3.0 27.0 729
4.0 27.0 734
5.0 27.0 737
6.0 27.0 739
7.0 27.0 741
8.0 27.0 743
9.0 27.0 744
10.0 27.0 745
11.0 27.0 746
12.0 27.0 749
13.0 27.0 752
14.0 27.0 755
15.0 27.0 759
16.0 27.0 765
17.0 27.0 771
18.0 27.0 775
19.0 27.0 780
20.0 27.0 783
21.0 27.0 787
22.0 27.0 791
23.0 27.0 794
24.0 27.0 792
25.0 27.0 786
26.0 27.0 779
27.0 27.0 773
28.0 27.0 768
29.0 27.0 762
30.0 27.0 756
31.0 27.0 752
0.0 28.0 720
1.0 28.0 723
2.0 28.0 725
3.0 28.0 728
4.0 28.0 731
5.0 28.0 733
6.0 28.0 735
7.0 28.0 737
8.0 28.0 738
9.0 28.0 741
10.0 28.0 743
11.0 28.0 745
12.0 28.0 748
13.0 28.0 751
14.0 28.0 755
15.0 28.0 760
16.0 28.0 766
17.0 28.0 771
18.0 28.0 775
19.0 28.0 778
20.0 28.0 782
21.0 28.0 785
22.0 28.0 786
23.0 28.0 787
24.0 28.0 786
25.0 28.0 783
26.0 28.0 779
27.0 28.0 776
28.0 28.0 772
29.0 28.0 766
30.0 28.0 760
31.0 28.0 756
0.0 29.0 721
1.0 29.0 723
2.0 29.0 724
3.0 29.0 726
4.0 29.0 728
5.0 29.0 731
6.0 29.0 733
7.0 29.0 735
8.0 29.0 737
9.0 29.0 739
10.0 29.0 741
11.0 29.0 743
12.0 29.0 747
13.0 29.0 751
14.0 29.0 754
15.0 29.0 758
16.0 29.0 764
17.0 29.0 768
18.0 29.0 771
19.0 29.0 774
20.0 29.0 780
21.0 29.0 783
22.0 29.0 785
23.0 29.0 787
24.0 29.0 787
25.0 29.0 787
26.0 29.0 786
27.0 29.0 783
28.0 29.0 779
29.0 29.0 773
30.0 29.0 767
31.0 29.0 763
0.0 30.0 720
1.0 30.0 721
2.0 30.0 722
3.0 30.0 724
4.0 30.0 727
5.0 30.0 729
6.0 30.0 731
7.0 30.0 734
8.0 30.0 736
9.0 30.0 739
10.0 30.0 741
11.0 30.0 742
12.0 30.0 745
13.0 30.0 748
14.0 30.0 751
15.0 30.0 755
16.0 30.0 759
17.0 30.0 764
18.0 30.0 768
19.0 30.0 772
20.0 30.0 779
21.0 30.0 784
22.0 30.0 789
23.0 30.0 792
24.0 30.0 794
25.0 30.0 795
26.0 30.0 796
27.0 30.0 794
28.0 30.0 789
29.0 30.0 782
30.0 30.0 776
31.0 30.0 771
0.0 31.0 716
1.0 31.0 717
2.0 31.0 720
3.0 31.0 723
4.0 31.0 726
5.0 31.0 728
6.0 31.0 730
7.0 31.0 733
8.0 31.0 736
9.0 31.0 738
10.0 31.0 741
11.0 31.0 743
12.0 31.0 744
13.0 31.0 746
14.0 31.0 748
15.0 31.0 751
16.0 31.0 755
17.0 31.0 761
18.0 31.0 767
19.0 31.0 773
20.0 31.0 781
21.0 31.0 788
22.0 31.0 795
23.0 31.0 799
24.0 31.0 802
25.0 31.0 804
26.0 31.0 807
27.0 31.0 807
28.0 31.0 801
29.0 31.0 795
30.0 31.0 789
31.0 31.0 784
