1000.0 1600.0 527
1001.0 1600.0 524
1002.0 1600.0 520
1003.0 1600.0 517
1004.0 1600.0 513
1005.0 1600.0 508
1006.0 1600.0 503
1007.0 1600.0 498
1008.0 1600.0 496
1009.0 1600.0 495
1010.0 1600.0 493
1011.0 1600.0 491
1012.0 1600.0 487
1013.0 1600.0 480
1014.0 1600.0 470
1015.0 1600.0 465
1016.0 1600.0 463
1017.0 1600.0 461
1018.0 1600.0 459
1019.0 1600.0 458
1020.0 1600.0 458
1021.0 1600.0 458
1022.0 1600.0 460
1023.0 1600.0 462
1024.0 1600.0 462
1025.0 1600.0 461
1026.0 1600.0 460
1027.0 1600.0 459
1028.0 1600.0 459
1029.0 1600.0 458
1030.0 1600.0 458
1031.0 1600.0 457
1000.0 1601.0 524
1001.0 1601.0 519
1002.0 1601.0 515
1003.0 1601.0 513
1004.0 1601.0 509
1005.0 1601.0 504
1006.0 1601.0 500
1007.0 1601.0 498
1008.0 1601.0 497
1009.0 1601.0 495
1010.0 1601.0 492
1011.0 1601.0 486
1012.0 1601.0 478
1013.0 1601.0 470
1014.0 1601.0 464
1015.0 1601.0 462
1016.0 1601.0 460
1017.0 1601.0 458
1018.0 1601.0 458
1019.0 1601.0 458
1020.0 1601.0 456
1021.0 1601.0 457
1022.0 1601.0 459
1023.0 1601.0 460
1024.0 1601.0 459
1025.0 1601.0 457
1026.0 1601.0 455
1027.0 1601.0 453
1028.0 1601.0 453
1029.0 1601.0 453
1030.0 1601.0 453
1031.0 1601.0 449
1000.0 1602.0 521
1001.0 1602.0 519
1002.0 1602.0 515
1003.0 1602.0 512
1004.0 1602.0 508
1005.0 1602.0 504
1006.0 1602.0 500
1007.0 1602.0 499
1008.0 1602.0 496
1009.0 1602.0 492
1010.0 1602.0 487
1011.0 1602.0 476
1012.0 1602.0 465
1013.0 1602.0 461
1014.0 1602.0 460
1015.0 1602.0 459
1016.0 1602.0 458
1017.0 1602.0 457
1018.0 1602.0 457
1019.0 1602.0 456
1020.0 1602.0 454
1021.0 1602.0 454
1022.0 1602.0 454
1023.0 1602.0 453
1024.0 1602.0 451
1025.0 1602.0 448
1026.0 1602.0 446
1027.0 1602.0 447
1028.0 1602.0 447
1029.0 1602.0 448
1030.0 1602.0 447
1031.0 1602.0 437
1000.0 1603.0 521
1001.0 1603.0 520
1002.0 1603.0 517
1003.0 1603.0 511
1004.0 1603.0 506
1005.0 1603.0 501
1006.0 1603.0 496
1007.0 1603.0 492
1008.0 1603.0 486
1009.0 1603.0 481
1010.0 1603.0 474
1011.0 1603.0 465
1012.0 1603.0 460
1013.0 1603.0 458
1014.0 1603.0 458
1015.0 1603.0 458
1016.0 1603.0 457
1017.0 1603.0 457
1018.0 1603.0 456
1019.0 1603.0 454
1020.0 1603.0 452
1021.0 1603.0 451
1022.0 1603.0 449
1023.0 1603.0 446
1024.0 1603.0 443
1025.0 1603.0 441
1026.0 1603.0 440
1027.0 1603.0 441
1028.0 1603.0 441
1029.0 1603.0 440
1030.0 1603.0 434
1031.0 1603.0 423
1000.0 1604.0 523
1001.0 1604.0 522
1002.0 1604.0 516
1003.0 1604.0 509
1004.0 1604.0 502
1005.0 1604.0 495
1006.0 1604.0 490
1007.0 1604.0 484
1008.0 1604.0 477
1009.0 1604.0 470
1010.0 1604.0 464
1011.0 1604.0 461
1012.0 1604.0 458
1013.0 1604.0 457
1014.0 1604.0 457
1015.0 1604.0 457
1016.0 1604.0 457
1017.0 1604.0 456
1018.0 1604.0 455
1019.0 1604.0 453
1020.0 1604.0 450
1021.0 1604.0 446
1022.0 1604.0 441
1023.0 1604.0 437
1024.0 1604.0 436
1025.0 1604.0 435
1026.0 1604.0 434
1027.0 1604.0 433
1028.0 1604.0 429
1029.0 1604.0 421
1030.0 1604.0 415
1031.0 1604.0 417
1000.0 1605.0 525
1001.0 1605.0 520
1002.0 1605.0 512
1003.0 1605.0 506
1004.0 1605.0 499
1005.0 1605.0 492
1006.0 1605.0 486
1007.0 1605.0 480
1008.0 1605.0 473
1009.0 1605.0 466
1010.0 1605.0 460
1011.0 1605.0 458
1012.0 1605.0 457
1013.0 1605.0 457
1014.0 1605.0 456
1015.0 1605.0 456
1016.0 1605.0 456
1017.0 1605.0 455
1018.0 1605.0 453
1019.0 1605.0 450
1020.0 1605.0 446
1021.0 1605.0 440
1022.0 1605.0 433
1023.0 1605.0 429
1024.0 1605.0 428
1025.0 1605.0 427
1026.0 1605.0 425
1027.0 1605.0 420
1028.0 1605.0 413
1029.0 1605.0 406
1030.0 1605.0 407
1031.0 1605.0 416
1000.0 1606.0 524
1001.0 1606.0 517
1002.0 1606.0 509
1003.0 1606.0 502
1004.0 1606.0 496
1005.0 1606.0 490
1006.0 1606.0 483
1007.0 1606.0 477
1008.0 1606.0 470
1009.0 1606.0 463
1010.0 1606.0 460
1011.0 1606.0 458
1012.0 1606.0 457
1013.0 1606.0 456
1014.0 1606.0 454
1015.0 1606.0 453
1016.0 1606.0 452
1017.0 1606.0 452
1018.0 1606.0 449
1019.0 1606.0 445
1020.0 1606.0 440
1021.0 1606.0 433
1022.0 1606.0 426
1023.0 1606.0 422
1024.0 1606.0 420
1025.0 1606.0 418
1026.0 1606.0 414
1027.0 1606.0 407
1028.0 1606.0 401
1029.0 1606.0 399
1030.0 1606.0 406
1031.0 1606.0 418
1000.0 1607.0 518
1001.0 1607.0 510
1002.0 1607.0 504
1003.0 1607.0 497
1004.0 1607.0 490
1005.0 1607.0 484
1006.0 1607.0 477
1007.0 1607.0 471
1008.0 1607.0 466
1009.0 1607.0 463
1010.0 1607.0 461
1011.0 1607.0 459
1012.0 1607.0 456
1013.0 1607.0 454
1014.0 1607.0 451
1015.0 1607.0 446
1016.0 1607.0 443
1017.0 1607.0 443
1018.0 1607.0 440
1019.0 1607.0 435
1020.0 1607.0 430
1021.0 1607.0 425
1022.0 1607.0 419
1023.0 1607.0 416
1024.0 1607.0 414
1025.0 1607.0 411
1026.0 1607.0 407
1027.0 1607.0 403
1028.0 1607.0 398
1029.0 1607.0 400
1030.0 1607.0 410
1031.0 1607.0 423
1000.0 1608.0 509
1001.0 1608.0 504
1002.0 1608.0 498
1003.0 1608.0 490
1004.0 1608.0 484
1005.0 1608.0 476
1006.0 1608.0 470
1007.0 1608.0 468
1008.0 1608.0 466
1009.0 1608.0 464
1010.0 1608.0 461
1011.0 1608.0 457
1012.0 1608.0 453
1013.0 1608.0 449
1014.0 1608.0 444
1015.0 1608.0 436
1016.0 1608.0 434
1017.0 1608.0 434
1018.0 1608.0 432
1019.0 1608.0 429
1020.0 1608.0 424
1021.0 1608.0 419
1022.0 1608.0 415
1023.0 1608.0 414
1024.0 1608.0 413
1025.0 1608.0 411
1026.0 1608.0 406
1027.0 1608.0 400
1028.0 1608.0 397
1029.0 1608.0 404
1030.0 1608.0 416
1031.0 1608.0 429
1000.0 1609.0 502
1001.0 1609.0 496
1002.0 1609.0 490
1003.0 1609.0 483
1004.0 1609.0 478
1005.0 1609.0 472
1006.0 1609.0 468
1007.0 1609.0 466
1008.0 1609.0 463
1009.0 1609.0 460
1010.0 1609.0 456
1011.0 1609.0 450
1012.0 1609.0 444
1013.0 1609.0 440
1014.0 1609.0 435
1015.0 1609.0 431
1016.0 1609.0 430
1017.0 1609.0 430
1018.0 1609.0 429
1019.0 1609.0 426
1020.0 1609.0 422
1021.0 1609.0 417
1022.0 1609.0 415
1023.0 1609.0 415
1024.0 1609.0 415
1025.0 1609.0 411
1026.0 1609.0 403
1027.0 1609.0 396
1028.0 1609.0 397
1029.0 1609.0 408
1030.0 1609.0 420
1031.0 1609.0 433
1000.0 1610.0 493
1001.0 1610.0 487
1002.0 1610.0 482
1003.0 1610.0 478
1004.0 1610.0 474
1005.0 1610.0 470
1006.0 1610.0 467
1007.0 1610.0 463
1008.0 1610.0 456
1009.0 1610.0 451
1010.0 1610.0 446
1011.0 1610.0 440
1012.0 1610.0 436
1013.0 1610.0 435
1014.0 1610.0 434
1015.0 1610.0 433
1016.0 1610.0 432
1017.0 1610.0 432
1018.0 1610.0 428
1019.0 1610.0 423
1020.0 1610.0 419
1021.0 1610.0 416
1022.0 1610.0 415
1023.0 1610.0 416
1024.0 1610.0 413
1025.0 1610.0 405
1026.0 1610.0 397
1027.0 1610.0 394
1028.0 1610.0 399
1029.0 1610.0 410
1030.0 1610.0 422
1031.0 1610.0 434
1000.0 1611.0 483
1001.0 1611.0 480
1002.0 1611.0 476
1003.0 1611.0 472
1004.0 1611.0 467
1005.0 1611.0 462
1006.0 1611.0 458
1007.0 1611.0 452
1008.0 1611.0 447
1009.0 1611.0 444
1010.0 1611.0 441
1011.0 1611.0 438
1012.0 1611.0 436
1013.0 1611.0 437
1014.0 1611.0 437
1015.0 1611.0 436
1016.0 1611.0 434
1017.0 1611.0 431
1018.0 1611.0 426
1019.0 1611.0 420
1020.0 1611.0 417
1021.0 1611.0 416
1022.0 1611.0 416
1023.0 1611.0 415
1024.0 1611.0 408
1025.0 1611.0 399
1026.0 1611.0 394
1027.0 1611.0 394
1028.0 1611.0 400
1029.0 1611.0 412
1030.0 1611.0 424
1031.0 1611.0 433
1000.0 1612.0 479
1001.0 1612.0 474
1002.0 1612.0 469
1003.0 1612.0 462
1004.0 1612.0 457
1005.0 1612.0 454
1006.0 1612.0 450
1007.0 1612.0 447
1008.0 1612.0 446
1009.0 1612.0 445
1010.0 1612.0 443
1011.0 1612.0 441
1012.0 1612.0 440
1013.0 1612.0 440
1014.0 1612.0 439
1015.0 1612.0 437
1016.0 1612.0 433
1017.0 1612.0 430
1018.0 1612.0 424
1019.0 1612.0 419
1020.0 1612.0 416
1021.0 1612.0 416
1022.0 1612.0 416
1023.0 1612.0 411
1024.0 1612.0 403
1025.0 1612.0 397
1026.0 1612.0 394
1027.0 1612.0 395
1028.0 1612.0 403
1029.0 1612.0 415
1030.0 1612.0 426
1031.0 1612.0 431
1000.0 1613.0 472
1001.0 1613.0 466
1002.0 1613.0 461
1003.0 1613.0 458
1004.0 1613.0 456
1005.0 1613.0 453
1006.0 1613.0 450
1007.0 1613.0 449
1008.0 1613.0 449
1009.0 1613.0 448
1010.0 1613.0 446
1011.0 1613.0 445
1012.0 1613.0 444
1013.0 1613.0 442
1014.0 1613.0 439
1015.0 1613.0 437
1016.0 1613.0 434
1017.0 1613.0 430
1018.0 1613.0 424
1019.0 1613.0 419
1020.0 1613.0 418
1021.0 1613.0 416
1022.0 1613.0 411
1023.0 1613.0 405
1024.0 1613.0 400
1025.0 1613.0 396
1026.0 1613.0 394
1027.0 1613.0 396
1028.0 1613.0 404
1029.0 1613.0 415
1030.0 1613.0 425
1031.0 1613.0 429
1000.0 1614.0 464
1001.0 1614.0 463
1002.0 1614.0 463
1003.0 1614.0 462
1004.0 1614.0 460
1005.0 1614.0 456
1006.0 1614.0 453
1007.0 1614.0 452
1008.0 1614.0 452
1009.0 1614.0 451
1010.0 1614.0 449
1011.0 1614.0 447
1012.0 1614.0 444
1013.0 1614.0 441
1014.0 1614.0 438
1015.0 1614.0 435
1016.0 1614.0 432
1017.0 1614.0 426
1018.0 1614.0 422
1019.0 1614.0 421
1020.0 1614.0 419
1021.0 1614.0 413
1022.0 1614.0 406
1023.0 1614.0 401
1024.0 1614.0 399
1025.0 1614.0 394
1026.0 1614.0 389
1027.0 1614.0 392
1028.0 1614.0 401
1029.0 1614.0 413
1030.0 1614.0 419
1031.0 1614.0 422
1000.0 1615.0 466
1001.0 1615.0 467
1002.0 1615.0 469
1003.0 1615.0 469
1004.0 1615.0 465
1005.0 1615.0 459
1006.0 1615.0 455
1007.0 1615.0 454
1008.0 1615.0 453
1009.0 1615.0 451
1010.0 1615.0 448
1011.0 1615.0 444
1012.0 1615.0 440
1013.0 1615.0 438
1014.0 1615.0 434
1015.0 1615.0 431
1016.0 1615.0 428
1017.0 1615.0 423
1018.0 1615.0 421
1019.0 1615.0 421
1020.0 1615.0 416
1021.0 1615.0 408
1022.0 1615.0 403
1023.0 1615.0 400
1024.0 1615.0 397
1025.0 1615.0 390
1026.0 1615.0 383
1027.0 1615.0 385
1028.0 1615.0 396
1029.0 1615.0 406
1030.0 1615.0 411
1031.0 1615.0 415
1000.0 1616.0 469
1001.0 1616.0 472
1002.0 1616.0 474
1003.0 1616.0 471
1004.0 1616.0 465
1005.0 1616.0 459
1006.0 1616.0 456
1007.0 1616.0 454
1008.0 1616.0 453
1009.0 1616.0 449
1010.0 1616.0 443
1011.0 1616.0 439
1012.0 1616.0 436
1013.0 1616.0 432
1014.0 1616.0 427
1015.0 1616.0 424
1016.0 1616.0 423
1017.0 1616.0 422
1018.0 1616.0 421
1019.0 1616.0 417
1020.0 1616.0 410
1021.0 1616.0 405
1022.0 1616.0 401
1023.0 1616.0 399
1024.0 1616.0 395
1025.0 1616.0 388
1026.0 1616.0 381
1027.0 1616.0 382
1028.0 1616.0 391
1029.0 1616.0 401
1030.0 1616.0 407
1031.0 1616.0 411
1000.0 1617.0 470
1001.0 1617.0 474
1002.0 1617.0 473
1003.0 1617.0 468
1004.0 1617.0 461
1005.0 1617.0 456
1006.0 1617.0 454
1007.0 1617.0 453
1008.0 1617.0 450
1009.0 1617.0 444
1010.0 1617.0 439
1011.0 1617.0 435
1012.0 1617.0 432
1013.0 1617.0 428
1014.0 1617.0 423
1015.0 1617.0 420
1016.0 1617.0 421
1017.0 1617.0 420
1018.0 1617.0 416
1019.0 1617.0 409
1020.0 1617.0 404
1021.0 1617.0 402
1022.0 1617.0 401
1023.0 1617.0 400
1024.0 1617.0 396
1025.0 1617.0 386
1026.0 1617.0 377
1027.0 1617.0 381
1028.0 1617.0 391
1029.0 1617.0 401
1030.0 1617.0 406
1031.0 1617.0 411
1000.0 1618.0 469
1001.0 1618.0 470
1002.0 1618.0 467
1003.0 1618.0 462
1004.0 1618.0 456
1005.0 1618.0 452
1006.0 1618.0 451
1007.0 1618.0 449
1008.0 1618.0 444
1009.0 1618.0 439
1010.0 1618.0 436
1011.0 1618.0 432
1012.0 1618.0 428
1013.0 1618.0 424
1014.0 1618.0 421
1015.0 1618.0 419
1016.0 1618.0 418
1017.0 1618.0 414
1018.0 1618.0 408
1019.0 1618.0 403
1020.0 1618.0 403
1021.0 1618.0 402
1022.0 1618.0 400
1023.0 1618.0 397
1024.0 1618.0 390
1025.0 1618.0 378
1026.0 1618.0 373
1027.0 1618.0 379
1028.0 1618.0 391
1029.0 1618.0 401
1030.0 1618.0 406
1031.0 1618.0 408
1000.0 1619.0 462
1001.0 1619.0 462
1002.0 1619.0 459
1003.0 1619.0 454
1004.0 1619.0 450
1005.0 1619.0 447
1006.0 1619.0 445
1007.0 1619.0 442
1008.0 1619.0 438
1009.0 1619.0 435
1010.0 1619.0 432
1011.0 1619.0 427
1012.0 1619.0 423
1013.0 1619.0 421
1014.0 1619.0 419
1015.0 1619.0 415
1016.0 1619.0 411
1017.0 1619.0 406
1018.0 1619.0 403
1019.0 1619.0 402
1020.0 1619.0 402
1021.0 1619.0 400
1022.0 1619.0 396
1023.0 1619.0 389
1024.0 1619.0 382
1025.0 1619.0 374
1026.0 1619.0 369
1027.0 1619.0 374
1028.0 1619.0 385
1029.0 1619.0 396
1030.0 1619.0 400
1031.0 1619.0 399
1000.0 1620.0 452
1001.0 1620.0 451
1002.0 1620.0 449
1003.0 1620.0 446
1004.0 1620.0 443
1005.0 1620.0 441
1006.0 1620.0 439
1007.0 1620.0 436
1008.0 1620.0 432
1009.0 1620.0 429
1010.0 1620.0 426
1011.0 1620.0 422
1012.0 1620.0 418
1013.0 1620.0 416
1014.0 1620.0 413
1015.0 1620.0 409
1016.0 1620.0 405
1017.0 1620.0 402
1018.0 1620.0 402
1019.0 1620.0 401
1020.0 1620.0 400
1021.0 1620.0 396
1022.0 1620.0 390
1023.0 1620.0 384
1024.0 1620.0 380
1025.0 1620.0 373
1026.0 1620.0 364
1027.0 1620.0 364
1028.0 1620.0 376
1029.0 1620.0 385
1030.0 1620.0 387
1031.0 1620.0 388
1000.0 1621.0 441
1001.0 1621.0 439
1002.0 1621.0 438
1003.0 1621.0 436
1004.0 1621.0 434
1005.0 1621.0 433
1006.0 1621.0 432
1007.0 1621.0 429
1008.0 1621.0 425
1009.0 1621.0 423
1010.0 1621.0 420
1011.0 1621.0 415
1012.0 1621.0 411
1013.0 1621.0 408
1014.0 1621.0 407
1015.0 1621.0 405
1016.0 1621.0 403
1017.0 1621.0 401
1018.0 1621.0 400
1019.0 1621.0 399
1020.0 1621.0 395
1021.0 1621.0 389
1022.0 1621.0 384
1023.0 1621.0 382
1024.0 1621.0 378
1025.0 1621.0 366
1026.0 1621.0 354
1027.0 1621.0 355
1028.0 1621.0 365
1029.0 1621.0 373
1030.0 1621.0 376
1031.0 1621.0 378
1000.0 1622.0 429
1001.0 1622.0 428
1002.0 1622.0 428
1003.0 1622.0 428
1004.0 1622.0 427
1005.0 1622.0 425
1006.0 1622.0 422
1007.0 1622.0 419
1008.0 1622.0 416
1009.0 1622.0 412
1010.0 1622.0 408
1011.0 1622.0 406
1012.0 1622.0 404
1013.0 1622.0 404
1014.0 1622.0 404
1015.0 1622.0 404
1016.0 1622.0 403
1017.0 1622.0 400
1018.0 1622.0 399
1019.0 1622.0 395
1020.0 1622.0 387
1021.0 1622.0 381
1022.0 1622.0 380
1023.0 1622.0 378
1024.0 1622.0 370
1025.0 1622.0 355
1026.0 1622.0 345
1027.0 1622.0 347
1028.0 1622.0 355
1029.0 1622.0 362
1030.0 1622.0 364
1031.0 1622.0 363
1000.0 1623.0 418
1001.0 1623.0 420
1002.0 1623.0 422
1003.0 1623.0 422
1004.0 1623.0 420
1005.0 1623.0 416
1006.0 1623.0 413
1007.0 1623.0 408
1008.0 1623.0 403
1009.0 1623.0 400
1010.0 1623.0 400
1011.0 1623.0 402
1012.0 1623.0 402
1013.0 1623.0 401
1014.0 1623.0 401
1015.0 1623.0 401
1016.0 1623.0 398
1017.0 1623.0 395
1018.0 1623.0 391
1019.0 1623.0 384
1020.0 1623.0 379
1021.0 1623.0 376
1022.0 1623.0 374
1023.0 1623.0 369
1024.0 1623.0 360
1025.0 1623.0 346
1026.0 1623.0 338
1027.0 1623.0 339
1028.0 1623.0 345
1029.0 1623.0 348
1030.0 1623.0 348
1031.0 1623.0 347
1000.0 1624.0 411
1001.0 1624.0 415
1002.0 1624.0 417
1003.0 1624.0 416
1004.0 1624.0 411
1005.0 1624.0 406
1006.0 1624.0 401
1007.0 1624.0 394
1008.0 1624.0 391
1009.0 1624.0 392
1010.0 1624.0 394
1011.0 1624.0 395
1012.0 1624.0 396
1013.0 1624.0 396
1014.0 1624.0 394
1015.0 1624.0 390
1016.0 1624.0 385
1017.0 1624.0 380
1018.0 1624.0 377
1019.0 1624.0 376
1020.0 1624.0 375
1021.0 1624.0 373
1022.0 1624.0 367
1023.0 1624.0 359
1024.0 1624.0 350
1025.0 1624.0 338
1026.0 1624.0 333
1027.0 1624.0 333
1028.0 1624.0 336
1029.0 1624.0 338
1030.0 1624.0 339
1031.0 1624.0 341
1000.0 1625.0 404
1001.0 1625.0 409
1002.0 1625.0 410
1003.0 1625.0 406
1004.0 1625.0 400
1005.0 1625.0 393
1006.0 1625.0 386
1007.0 1625.0 381
1008.0 1625.0 381
1009.0 1625.0 382
1010.0 1625.0 383
1011.0 1625.0 384
1012.0 1625.0 385
1013.0 1625.0 384
1014.0 1625.0 380
1015.0 1625.0 373
1016.0 1625.0 370
1017.0 1625.0 369
1018.0 1625.0 370
1019.0 1625.0 372
1020.0 1625.0 372
1021.0 1625.0 367
1022.0 1625.0 357
1023.0 1625.0 347
1024.0 1625.0 338
1025.0 1625.0 331
1026.0 1625.0 329
1027.0 1625.0 330
1028.0 1625.0 333
1029.0 1625.0 336
1030.0 1625.0 339
1031.0 1625.0 342
1000.0 1626.0 394
1001.0 1626.0 399
1002.0 1626.0 399
1003.0 1626.0 393
1004.0 1626.0 387
1005.0 1626.0 379
1006.0 1626.0 375
1007.0 1626.0 371
1008.0 1626.0 369
1009.0 1626.0 368
1010.0 1626.0 369
1011.0 1626.0 369
1012.0 1626.0 368
1013.0 1626.0 367
1014.0 1626.0 365
1015.0 1626.0 361
1016.0 1626.0 362
1017.0 1626.0 363
1018.0 1626.0 365
1019.0 1626.0 367
1020.0 1626.0 365
1021.0 1626.0 356
1022.0 1626.0 346
1023.0 1626.0 336
1024.0 1626.0 329
1025.0 1626.0 327
1026.0 1626.0 327
1027.0 1626.0 330
1028.0 1626.0 335
1029.0 1626.0 339
1030.0 1626.0 343
1031.0 1626.0 347
1000.0 1627.0 382
1001.0 1627.0 385
1002.0 1627.0 382
1003.0 1627.0 379
1004.0 1627.0 375
1005.0 1627.0 369
1006.0 1627.0 366
1007.0 1627.0 364
1008.0 1627.0 361
1009.0 1627.0 358
1010.0 1627.0 356
1011.0 1627.0 355
1012.0 1627.0 354
1013.0 1627.0 353
1014.0 1627.0 352
1015.0 1627.0 352
1016.0 1627.0 354
1017.0 1627.0 355
1018.0 1627.0 356
1019.0 1627.0 357
1020.0 1627.0 354
1021.0 1627.0 346
1022.0 1627.0 335
1023.0 1627.0 328
1024.0 1627.0 326
1025.0 1627.0 326
1026.0 1627.0 328
1027.0 1627.0 332
1028.0 1627.0 338
1029.0 1627.0 344
1030.0 1627.0 349
1031.0 1627.0 354
1000.0 1628.0 367
1001.0 1628.0 368
1002.0 1628.0 367
1003.0 1628.0 366
1004.0 1628.0 362
1005.0 1628.0 360
1006.0 1628.0 359
1007.0 1628.0 357
1008.0 1628.0 353
1009.0 1628.0 348
1010.0 1628.0 344
1011.0 1628.0 343
1012.0 1628.0 343
1013.0 1628.0 342
1014.0 1628.0 342
1015.0 1628.0 343
1016.0 1628.0 344
1017.0 1628.0 346
1018.0 1628.0 346
1019.0 1628.0 345
1020.0 1628.0 340
1021.0 1628.0 333
1022.0 1628.0 326
1023.0 1628.0 324
1024.0 1628.0 326
1025.0 1628.0 328
1026.0 1628.0 331
1027.0 1628.0 337
1028.0 1628.0 344
1029.0 1628.0 351
1030.0 1628.0 357
1031.0 1628.0 363
1000.0 1629.0 351
1001.0 1629.0 353
1002.0 1629.0 353
1003.0 1629.0 352
1004.0 1629.0 351
1005.0 1629.0 351
1006.0 1629.0 350
1007.0 1629.0 347
1008.0 1629.0 341
1009.0 1629.0 337
1010.0 1629.0 335
1011.0 1629.0 333
1012.0 1629.0 333
1013.0 1629.0 333
1014.0 1629.0 333
1015.0 1629.0 332
1016.0 1629.0 332
1017.0 1629.0 332
1018.0 1629.0 331
1019.0 1629.0 328
1020.0 1629.0 326
1021.0 1629.0 325
1022.0 1629.0 326
1023.0 1629.0 328
1024.0 1629.0 331
1025.0 1629.0 333
1026.0 1629.0 337
1027.0 1629.0 343
1028.0 1629.0 350
1029.0 1629.0 357
1030.0 1629.0 365
1031.0 1629.0 371
1000.0 1630.0 338
1001.0 1630.0 339
1002.0 1630.0 340
1003.0 1630.0 340
1004.0 1630.0 341
1005.0 1630.0 340
1006.0 1630.0 338
1007.0 1630.0 334
1008.0 1630.0 329
1009.0 1630.0 325
1010.0 1630.0 322
1011.0 1630.0 319
1012.0 1630.0 320
1013.0 1630.0 320
1014.0 1630.0 321
1015.0 1630.0 321
1016.0 1630.0 320
1017.0 1630.0 319
1018.0 1630.0 320
1019.0 1630.0 321
1020.0 1630.0 322
1021.0 1630.0 326
1022.0 1630.0 330
1023.0 1630.0 334
1024.0 1630.0 338
1025.0 1630.0 340
1026.0 1630.0 344
1027.0 1630.0 350
1028.0 1630.0 357
1029.0 1630.0 364
1030.0 1630.0 372
1031.0 1630.0 379
1000.0 1631.0 328
1001.0 1631.0 328
1002.0 1631.0 329
1003.0 1631.0 330
1004.0 1631.0 328
1005.0 1631.0 326
1006.0 1631.0 325
1007.0 1631.0 320
1008.0 1631.0 314
1009.0 1631.0 311
1010.0 1631.0 308
1011.0 1631.0 308
1012.0 1631.0 310
1013.0 1631.0 312
1014.0 1631.0 314
1015.0 1631.0 316
1016.0 1631.0 318
1017.0 1631.0 318
1018.0 1631.0 320
1019.0 1631.0 322
1020.0 1631.0 325
1021.0 1631.0 330
1022.0 1631.0 335
1023.0 1631.0 340
1024.0 1631.0 344
1025.0 1631.0 347
1026.0 1631.0 350
1027.0 1631.0 355
1028.0 1631.0 362
1029.0 1631.0 369
1030.0 1631.0 377
1031.0 1631.0 385
