0.12898828866186995 0.875465915380542 0.24001954270691583
0.4611561827923094 0.4122500522155398 0.5153664141379216
0.41615393127344746 0.47198026911391 0.3833178197891731
0.6027242315765673 0.09003361149107136 0.38757690282806306
0.18306804693728518 0.5723807490668047 0.6316740504482021
0.41791271334206503 0.8648620720958242 0.0159174809461093
0.13408870644786264 0.29200088502317756 1.129841756496023
0.6566181275775002 0.8541511267621038 0.10292662135169332
0.8067323185976492 0.26889083713801165 0.6881762092368795
0.13814195925845463 0.4263754773628472 0.6352279421697872
0.35038473712802776 0.7181911189248079 0.10676505575754432
0.614515805366465 0.4863179814387649 0.5328216595679219
0.5512802876953985 0.9602182479336862 0.23881368620606008
0.6924746523745837 0.9910563194466727 0.07089004768191418
0.04526021598673058 0.1400868499606679 0.8616239478204994
0.3525511579243784 0.3040401528737574 0.9878903383673261
0.04189156765724189 0.8439960645795753 0.33364667189310676
0.15048464650971283 0.8360349178851251 0.4468880493206441
0.33833557186569896 0.9030922363639171 0.27883446200115464
0.16327756502900304 0.07568754364720764 1.0709066052780123
0.7609747325923288 0.3356618615640984 0.7274795416294577
0.3466019407560639 0.7419295165642716 0.20466793656955035
0.2619911845322537 0.560822974733541 0.44572065900115015
0.18568837354719836 0.21805703911539742 1.1873334541196656
0.9040141467222665 0.2550154560801706 0.39298320952085003
0.20747843652056985 0.5745630847482823 0.45720548853039006
0.3462854467466615 0.7861964254614818 0.00847109640778071
0.38256586964608186 0.41001534108135074 0.6224542741013175
0.051208033077473125 0.6306219477852814 0.29895996740876785
0.8708716573392737 0.8429464907458919 -0.0167965509511159
0.6603923611056687 0.8542883739499123 0.0989932705730928
0.8545657802006358 0.7918810147862461 0.18257105279461838
0.010957985412236582 0.8058042580941188 0.47854054273278296
0.8009468084826783 0.72575350942439 0.18430854190432042
0.3855919371138289 0.8672602740526536 0.24064478819816248
0.46522083117331936 0.8919210433594422 0.04617265851163507
0.23896722947547988 0.9554428749414067 0.08679435957253243
0.3002017440479452 0.5473968567246421 0.4043966524035833
0.04188875276684134 0.11985022781360133 1.032589958469403
0.5807746871144862 0.21449573390591392 0.5730605260313062
0.39404273215464103 0.883275986936195 0.06582757239199012
0.9116860734052559 0.497310889991994 0.19168385776513353
0.17255008854906284 0.7209627158241484 0.44632820905558523
0.34798512810174953 0.2970780783919248 0.8170116191194068
0.8387942259864083 0.27824494817753287 0.6226274978320836
0.2843706610550939 0.4874902152188091 0.5400618241831886
0.6098294327727126 0.766420964474617 0.036140562138473525
0.4540315201100529 0.19713778357566925 0.7514265699943263
0.44918175596669907 0.7445743531397081 -0.11944547316106574
0.20239094833700477 0.48469193189852733 0.46628018258144033
0.09228579773802525 0.8091832669915909 0.16198870769393225
0.7514659005486164 0.2464780810316135 0.7620991293526869
0.8876245525259318 0.9605473560849294 -0.017572940077159732
0.8121129624978981 0.6385619802905662 0.033406906321585966
0.8113005439418057 0.6388977771379848 -0.0024889078398183384
0.454462556797534 0.758969206085695 -0.059939180208134324
0.8818014182510043 0.4511717998879887 0.4626186936958214
0.7363296602692975 0.1407753418657547 0.27886379074072465
0.8105654071676062 0.1761197826546681 0.4354324952138815
0.24772535658863026 0.23823702617777232 1.1720365453468033
0.3648929728831073 0.20611819513904783 0.8818150330153792
0.7463746256674976 0.041293964558330676 0.18461106658624651
0.8215274838371065 0.3112367871480317 0.7946722523043799
0.3549709573226959 0.43144955543444874 0.543408371824997
0.12391876510035249 0.2794809971186235 1.1925842911413018
0.8794590078627654 0.09082090855100433 0.285510632585858
0.5059161850696408 0.3312307621080972 0.4362837377527973
0.40801664187546205 0.4537763953536651 0.28500816729697176
0.8841488976037827 0.45008739707746104 0.2976754790532041
0.8821205014058698 0.7262062347137623 0.14668045401776836
0.953199008633969 0.377106307413835 0.49278445579664676
0.9364264653717408 0.3406455175199239 0.3155689665007586
0.3538809978100875 0.6312212515631911 0.19144320880875898
0.583940031122922 0.621544716744341 0.35131636148552914
0.27612964559324904 0.09124500381762046 0.9757318772419679
0.8395978152633171 0.5759795238998362 0.09857568369078643
0.7833067773098835 0.14393803203905775 0.2600640912895574
0.9337743478387146 0.21597088624230332 0.326456558958947
0.4941972028230923 0.925844494168918 0.06378410668569716
0.37394598769184106 0.7890006919438803 0.0803503181311342
0.5828344128364018 0.7767501942666013 -0.14518991029117798
0.2453192126033169 0.01591891799923184 0.8050084939630048
0.8103157715129634 0.9538821470580048 0.0712183686274902
0.3376748946621827 0.33336475191013093 0.7037122657116388
0.46442844422429563 0.8596831942706684 0.15685474918065279
0.08819365545509916 0.5833624380532327 0.524126724014619
0.6655333168634431 0.8697934385698481 0.06184694018858078
0.49154872754873924 0.35719545431639665 0.49686367531500886
0.11931013948840719 0.12035520604367245 1.070424641273349
0.2544268150537421 0.5019812564160249 0.5893642811221661
0.5530437973615568 0.6667562310148383 0.10212950868215988
0.17925407334207855 0.6371652718997495 0.37455969049173976
0.6174466043396792 0.6421125962554958 0.4248759470652504
0.8294264731921974 0.5544958729950579 0.18118666244585507
0.26218836120345324 0.46382006407951437 0.6140472873771926
0.63455133023261 0.7108330908279707 0.12817127215344867
0.9677525569827755 0.8890371341995791 0.05828929634459613
0.2114331025140077 0.2907374664981588 1.1797325061531478
0.9925072670719428 0.4589109522737489 0.27105308073155854
0.2970214517632157 0.6580987561832832 0.17982692631462202
0.3370587582763791 0.05944688683788002 0.8741097639786289
0.9247589572392956 0.7628570627949345 -0.05285158353296955
0.20542253708376768 0.26907258569017023 1.04559960774294
0.6891654027148938 0.6083559987795771 0.2072492740202539
0.1234626465679598 0.889765529852266 0.11129753437116002
0.8557056201798673 0.8311394646984129 0.13902113322756204
0.5227351033569722 0.6312540093157595 0.12230823754264869
0.6991634676510828 0.9388664907249743 -0.05088935943889997
0.16717161894319998 0.7840278690520374 0.3567042566376794
0.7655708615818074 0.671402311781257 0.21727598414029814
0.29485363346983573 0.26835045071520613 1.0584628285050908
0.23667559087926782 0.31068418378374796 0.94021296709777
0.9303237841402859 0.6905262463185555 0.08668783448639401
0.6639747792110865 0.9972202334661243 0.07114158084612612
0.40145888212881087 0.13991789298486046 0.5471858976604322
0.4522369752514609 0.1561595161442595 0.5069739269819424
0.3043192527412203 0.455786450072565 0.6383989968705504
0.8927326425438692 0.9999228318961398 0.20097949770326978
0.36636531855425336 0.9993261691342121 0.20142819504855058
0.48992294168162653 0.8692868567200156 -0.010509757332340636
0.02405523832114531 0.9227107575916768 0.33382855724354316
0.2096291592688566 0.5406944938354904 0.3923990507396312
0.8940518612293564 0.3061896378340949 0.47815254620710024
0.45378368137458813 0.71259556964462 -0.03075041939434431
0.660176939980671 0.17546218703429073 0.4985858547602255
0.5353254769009107 0.39655740438025633 0.40809503960076926
0.5227081661052576 0.509044936847619 0.41885595092972533
0.9989951330818565 0.30802193221093344 0.35967203771024
0.7915580695514487 0.7496109068301522 0.16969885485288533
0.14593447045955943 0.3441074038426224 0.8593246041043041
0.4476081004893442 0.9012260827938471 0.13887292609536747
0.08052642831570545 0.24365997373366677 0.9935067689549125
0.2008880849188247 0.958878224174854 0.35423723867051654
0.6045526897917866 0.7805131387506388 0.04945608242225684
0.9124780446203041 0.42862424072922045 0.3813499762213722
0.5521900142388788 0.9096321644808543 0.16145999089749294
0.8460230996729475 0.06879022888262842 0.22748979792572696
0.4543459224947779 0.049738189727228654 0.5070606909383508
0.942447782691344 0.04475509689954715 0.2070593701220228
0.8653086430990787 0.4567767677693425 0.2718646348752738
0.6222428958209854 0.2882603987681561 0.45435774741973556
0.2921879300790988 0.6577438171348642 0.21520083666085837
0.3011431152716314 0.4029611855235027 0.6861024153349962
0.17638220662095616 0.5119348530179777 0.43657919918298843
0.09191901861177021 0.4577417844617624 0.5122727911537749
0.500662288366791 0.0032159668595892477 0.45719265939400444
0.7969365934959494 0.46152225513915157 0.43878217799873
0.37813828457561494 0.9300440990951772 0.16935124805161214
0.584137626049513 0.09455618278399924 0.2923601709585716
0.5961724382162189 0.15474057750092085 0.5118219465803762
0.23854210176166912 0.5034969647332053 0.36263080711283124
0.7290770930313644 0.3736994005721461 0.5621084586596415
0.33308603323615504 0.5293485112356355 0.5761577670686244
0.4927252827336648 0.9477561998729935 0.23133412842481155
0.12772397829232407 0.38367153937924225 0.6386945908351457
0.3983517411330405 0.4462095715146508 0.564208228467167
0.8856278512169701 0.1901724245138965 0.2863439901521221
0.14803602389269033 0.08233361353147284 1.0102412492774986
0.9994458352177953 0.6183437639755481 0.2616676149872189
0.026183395925499342 0.08380246281052428 0.7142408434061684
0.7830428498603205 0.29075580024565373 0.7375535396099149
0.36278138210560984 0.5643149061177192 0.42870764262821837
0.39094579396885554 0.7632251814610956 0.1469028593562502
0.09970066852158999 0.5284771185000826 0.3347047460804738
0.7522704166533029 0.6509734233206684 0.15458404581888088
0.6168880603803344 0.13311283064224022 0.40026941752270345
0.4440990679222243 0.1306014029580157 0.7475162253703084
0.4845549731989083 0.6889289283236679 0.16920086023266717
0.880797596652224 0.3496555036513126 0.6001726977440799
0.7689814258271512 0.5978775839528357 0.3750923848206221
0.6089706426605775 0.7429220841468743 0.06481445482455742
0.04458888732455846 0.6166827841902365 0.5228896403611072
0.7656172641571751 0.25101013855604837 0.6326717068698977
0.49073328834805396 0.8694535986419294 0.1621129872900082
0.41909432209917896 0.9822759986818105 0.13901314603583065
0.3997992866936171 0.5071378943028433 0.4478104864907626
0.12869105247230428 0.03812475976202234 0.9286081647970299
0.3243699457862945 0.5806921361348404 0.31923808347862226
0.02276282756763448 0.30968147178084426 0.8775381026586826
0.4644539983216991 0.9714119523903196 0.25064607878259487
0.09119775617281112 0.14396469563210745 1.0760008102003042
0.6775193321667519 0.7469712923012065 0.15259392124305216
0.1418850088950554 0.19329851918558838 1.171350172009727
0.4129288083130169 0.8808606937306576 0.24758001516178035
0.4514794385665649 0.6344942064905087 0.14493060143556272
0.18491416683004291 0.5665875132487981 0.5149642772292777
0.0007976603549599837 0.047653522546811544 0.7220422451890578
0.9152124024893032 0.4638892931287325 0.2907033369265194
0.22970986303980312 0.30528481318815814 1.108352739418801
0.5455964432336494 0.18559947040968083 0.41423621828648316
0.4357825726376834 0.06372100791349022 0.592189352004526
0.15055368292713955 0.611409809981435 0.25666201363795327
0.38069086787342077 0.5622008262048783 0.33999406229881146
0.5454037081363865 0.9875806381712587 0.24832900456577847
0.22764304790788847 0.12306621625829561 1.098010577419294
0.7645326871645228 0.4383200086976551 0.4827242837256954
0.5080176107775547 0.49266572876140424 0.2580366756882217
0.5157859289318605 0.31144830486552055 0.5187921499977152
0.4439235293161373 0.5515880137897858 0.26382432784775844
0.3660985455177057 0.0016380221409693085 0.3745027050278022
