0.03176043112761018 0.7078200991794903 3.396819276761057
0.7509537087773243 0.39637660884239967 3.808459741688066
0.03963660296436988 0.9342830033067873 4.690861009718394
0.07414877674813891 0.30780742306798714 1.4797706965572264
0.044189345958090764 0.13684033519866323 0.6564180083443207
0.9542189517053896 0.7719469445232032 6.502661574456034
0.9471912617749367 0.8687820411777146 7.021464209716445
0.6350667061179954 0.9893517800401007 6.609667198284471
0.0037427925038173715 0.04077855271938646 0.172276694742795
0.16674325407461177 0.21487217261648717 1.2669485619594922
0.49036101736165116 0.4464655284719883 3.206369544072981
0.37234502412232184 0.3405081547352765 2.361309287615625
0.8606554641503151 0.5205632178112023 4.815277691255187
0.8312383325107408 0.6495484807923956 5.37354098252601
0.7314274835092747 0.34253369171956904 3.485305227492572
0.46609104074271235 0.18043376608878536 1.9037143480461733
0.17910012655315966 0.9069224131794555 4.840475024682746
0.6956242341044341 0.2671692796701117 3.015198085962142
0.29999396565584435 0.21754982854241478 1.6075115528101018
0.20727826155566575 0.25394012664605825 1.5377668953301198
0.7116436158148025 0.9457716130089844 6.607294263569125
0.04037088411842027 0.9304665033971071 4.670005504053811
0.601413444800995 0.8603110884976748 5.745904544172142
0.45237730843490853 0.5992906786005967 3.86571187791658
0.7867723978059977 0.8769989085209637 6.4696783211922115
0.27173874067071646 0.8211481567586078 4.57619634690523
0.6947761638728377 0.027794694885981408 1.984217570239262
0.9772027869536786 0.22159280862142394 3.8448054680558204
0.614081907775515 0.7727713502581155 5.2935213658204585
0.8222227523405111 0.5143780874403888 4.642592925747815
0.9609145147193241 0.035325320561558016 2.987734894555931
0.23134329320517155 0.6613479297576853 3.5989791089468746
0.9907471786988321 0.5545212550850898 5.4886531721788625
0.811387308285792 0.3433756030562547 3.772533197618112
0.9318008288167243 0.4961997222133546 4.962867495395011
0.7828790943725746 0.6355377292366369 5.12471698738058
0.6573536031433598 0.6042855227537236 4.529124049876913
0.28795661792791416 0.35500419607318956 2.204877013186641
0.3800623375472806 0.6942625368134192 4.163622672792745
0.14521646680590794 0.6550998961943342 3.361076214614571
0.902265091827041 0.9738674593466525 7.462500145344654
0.9621777964796058 0.9691796233630423 7.66616934079186
0.9239974000063067 0.27892425308363045 3.8952617465238113
0.7093688998784207 0.9721785200078586 6.755787190667668
0.516429918852921 0.4664155947460674 3.3827655847988742
0.8460527100650375 0.030430029219088217 2.5305567118930967
0.7657998463032701 0.8408770694588851 6.188631620981956
0.8608929818587682 0.8373538101444425 6.513499333872403
0.6504797274547388 0.9156424538402407 6.225054249374609
0.2920851836889946 0.7471746837822415 4.216452865122681
0.5851250292118265 0.10296464298344032 1.9350816478722626
0.7240836310318974 0.7446644765387832 5.505647455566045
0.8227109647510525 0.4694053176831231 4.420237884025399
0.11748654487459953 0.06227727391273474 0.5017637324727111
0.10468713290020382 0.45233188213335407 2.234265321722991
0.7067018637794898 0.6347573382079118 4.854777483068824
0.606323216775177 0.3099280207140659 2.916041737630954
0.5294296718165549 0.15797795665992875 1.9960239824630561
0.9171729294436528 0.8302511585837956 6.6858736620564745
0.4693172798084235 0.4851770410521383 3.3349981941162867
0.7241120015244126 0.6394204521981242 4.939102517282266
0.00223706818783842 0.6278782277530379 2.9102231207482014
0.7372939593789766 0.2138661300192679 2.919393542941171
0.9317244338533109 0.6075822424235885 5.531044439348724
0.017398257310025977 0.19623281026794837 0.8585377708749279
0.017818585192096337 0.814833563286334 3.9592426613656815
0.07823662517645069 0.9414176859861006 4.814532223303729
0.7280333484915695 0.7363329757492701 5.473617407671842
0.2988083493673871 0.4148793976428128 2.518545633546151
0.47114938578861343 0.8648683546246357 5.371751204635881
0.046873566939281464 0.43896719334245293 2.044505235356936
0.6042877644224314 0.29274542887777677 2.830420832715463
0.10437333232243207 0.40521453519510064 2.004697417458737
0.7970577560255446 0.3112758662456572 3.571412708381178
0.8542268276245891 0.4445995439499917 4.414224058563255
0.5827765135220199 0.4669063507277409 3.5908084350177805
0.06024299723551996 0.22256564333998352 1.0639132521422336
0.12742464046665414 0.6639954274962034 3.367957957652044
0.01774138389849078 0.6846297618690816 3.2430344828128574
0.6966577221675186 0.2544006375353761 2.9609696607105827
0.44717622443045746 0.9918727212441604 6.045621404681731
0.4754294445885834 0.34219497925177444 2.662769366791196
0.17830882011414018 0.4201344225583101 2.245462298810422
0.9158010444790471 0.253652418675004 3.7492428662267034
0.7332538195008199 0.5700392691539266 4.6092706478074295
0.5002085442171974 0.15953253963783243 1.914206465896909
0.6370074554540239 0.7410527316336041 5.193163486808101
0.49032478694122816 0.5590905371889384 3.7700123481013863
0.5032881278195344 0.6433805928432581 4.247336153863536
0.6321611809482555 0.9084852021702225 6.123236291837564
0.624398009442725 0.7684293462352987 5.302869938178291
0.49891643031105826 0.18744221706279118 2.031653918045025
0.5811076585603991 0.6463163145444951 4.502891464582707
0.9230412748325204 0.36972741525138053 4.313695767303474
0.09369325752129598 0.8484226896914802 4.30967676069679
0.5274075139090652 0.2378858330941842 2.341106715509522
0.8595111154478104 0.35441944715615237 4.001072521621042
0.7315735028723435 0.6455829875777509 4.997456140010416
0.7965162632803545 0.7764219518234166 5.935989538797758
0.3232250672156456 0.9824774424312279 5.6460962731189674
0.25604307647052016 0.7009397254291626 3.8727196103508894
0.4190453197925109 0.8532871929562115 5.1549374251129665
0.8771184286751476 0.3778787706252952 4.17788104306232
0.3179428018983056 0.4129049732074195 2.559083638804654
0.7140333579932521 0.19672006313180612 2.76348938807943
0.8833614657678363 0.32893030980755034 3.9709667986794654
0.7132564959880423 0.31237497746321186 3.282325857443215
0.027137236238549245 0.8647117994705894 4.261584596093788
0.8897258703241778 0.8711878550925823 6.814783564203615
0.6075163748375222 0.08691381118697261 1.9393181506937043
0.6935072086171815 0.2262966811816488 2.8243635782787817
0.03252550862343706 0.002814230445994159 0.0773737676350672
0.6283161970640302 0.23400991313302566 2.6422139295976943
0.07904158240034898 0.6940535404721768 3.4222552154797197
0.9308815587985192 0.7371148748251851 6.220101432097488
0.8300083232430793 0.3782395687432505 4.004953909475028
0.95597519484459 0.9276868659185522 7.397189347719327
0.7074555763310252 0.8372593529253752 5.965445180906432
0.8969518767387781 0.03664269526244057 2.7463398908286307
0.4146019116294457 0.19255395441517908 1.8083914114073214
0.5948565469166529 0.5183198057568632 3.885502049310195
0.9692187849997544 0.6522274964499156 5.9121333161208955
0.6596154965236305 0.2749562886359883 2.929749711505807
0.8606872739433882 0.0863972428954356 2.815210586576552
0.7365404841660258 0.2944047048739874 3.279865802895465
0.7884698690783322 0.5462153598517586 4.681837131346088
0.24977185077771713 0.6399254393829487 3.531136004497615
0.09256604940197877 0.6073058077330028 2.9917441473440936
0.6498749855952245 0.3123156796085558 3.0688912702564197
0.9137628093872872 0.09850614141207148 3.066216116138103
0.6912357377239148 0.2397265128755275 2.8766531730321243
0.6384448147541166 0.537132919334987 4.1215448613679255
0.4923028403797095 0.16944335640542196 1.9334522440569715
0.2986654690564199 0.5963820536770573 3.427731769175825
0.3473774631579889 0.2609076064521214 1.9271292331391183
0.6006114508673764 0.789029249467471 5.3406411710328525
0.6057561869452653 0.31226142285947367 2.9250058195571156
0.9567183005714567 0.581952791560079 5.495226725636135
0.7593468967548196 0.11707887398791161 2.5773244618067377
0.2857749355439867 0.9321069459557895 5.25046832739533
0.836956436998399 0.9826358355163576 7.2705254787362135
0.7115875772112081 0.6103896737830978 4.743666283457161
0.9220810447034533 0.4088340326786518 4.496876939399215
0.49218883856212803 0.7519218642305786 4.799701476759696
0.45865680552416366 0.5411210494064054 3.584975864038269
0.5729906082458146 0.49242107693713355 3.6864622783899983
0.7258778147478112 0.6651516594413674 5.081687599261755
0.9602678791215741 0.611218467908544 5.6611120450624375
0.4430016565471413 0.12510759469152533 1.5983360698133942
0.7473697974841119 0.10904114395651365 2.501355756061066
0.5128915005289028 0.7414072106394444 4.804154186918534
0.5503465580581294 0.41706872383697935 3.245795665833613
0.39027574215133365 0.880662251851431 5.231081648456199
0.7545037726559074 0.470451061056089 4.181411933336968
0.40983543759443075 0.1915176787719889 1.7903856974672463
0.6997328177880859 0.10212558783188375 2.3080236388833697
0.1900119739642382 0.07614782159022115 0.7265182752720835
0.6377186972613751 0.6264032194230381 4.580116402355195
0.8480790953791508 0.14217136066976066 3.0042944812511543
0.6026724272832374 0.35723369450479225 3.1251095996826557
0.155033713870929 0.8196245636013875 4.284385559842786
0.3213528772898302 0.29308328215960966 2.0042043652420007
0.775221391178575 0.8360398759079162 6.194533165437784
0.15900028442141623 0.4793811536585034 2.490612564405895
0.6895653008870708 0.279465559135641 3.050594141247178
0.40631787835552 0.058974637864655066 1.2171065343522587
0.457974606701378 0.1706391548513787 1.8373642943599455
0.16270006370402879 0.7650618701830637 3.9974385840776145
0.1910489036860057 0.8944895111950688 4.796667021389904
0.30251177958394093 0.04721804520934303 0.8876386605856884
0.660175251621497 0.2026713218605113 2.607942818243233
0.17290975404565323 0.5509089388235012 2.882853705305076
0.795716501031654 0.941435148894919 6.8766384872318405
0.23042655349443075 0.8587185561265273 4.686221286686321
0.20643338646750298 0.04318275609615174 0.6300772907921142
0.9556654445678437 0.5445887050571866 5.299559008981352
0.9534630994277644 0.14793063156880493 3.429624078857493
0.7833534108826014 0.7480358086202903 5.73205019356598
0.6917975368041789 0.24028281511502636 2.8810459972363947
0.1743590995464248 0.8407728001163213 4.449109396568215
0.06941493002565835 0.9752627351252919 4.9958366355870165
0.2809226556550821 0.5773852401254292 3.2836775257868847
0.06719253260536462 0.14129483536384468 0.7240434736045269
0.46160344490527916 0.27700472098011597 2.321035129524715
0.6623937443134815 0.7778982053345773 5.480271400333663
0.9987833394788057 0.34345803670005115 4.486930407952105
0.4219958752259202 0.860484275159056 5.2044425575917606
0.5174454871290967 0.837964558005514 5.356683638903894
0.9475378368226947 0.9271535538353823 7.361131553587129
0.15759776861663222 0.24059774562097536 1.360310851588003
0.7210809226974967 0.7657112356202029 5.611278181309096
0.737232028657547 0.9845396144575302 6.92545183165992
0.0708544028715461 0.44244876783527043 2.1122851356494063
0.10162818641982907 0.3485131904014349 1.7290988666041682
0.584827574533294 0.39405689541906197 3.243186859504641
0.45136591111308944 0.32139329636263936 2.4953298443385292
0.280241159058057 0.7013152017116238 3.936121244344628
0.9782606810414847 0.8661788825202749 7.12849670875989
0.6281031181373585 0.39515295955368834 3.387477462947382
0.23829525186784528 0.8925319028958055 4.9001159400684795
0.9839554314238558 0.7729678298454156 6.625429739233811
0.2233038785318462 0.13113647638947346 1.0382150602287987
0.07600634573741216 0.2598920881461998 1.2649019061329707
0.16920855161252724 0.7446134873708343 3.899951832221757
0.0911557978055818 0.6073109952566251 2.988691601070829
0.3956408504247446 0.07872189496967286 1.2688981000006119
0.7284684748646991 0.1886644975602405 2.7778555514817187
0.5767699613028484 0.9936884254725032 6.448373899675022
0.32352836436930354 0.28370361923088416 1.967029551778323
0.8864316194110826 0.0682535514104532 2.836297007635872
0.7867313815361183 0.8230070999369494 6.1617781160603915
0.80259046881507 0.6279478240949156 5.155442164428135
0.1563562060836874 0.6799716134547495 3.5194075242715126
0.04120604196011701 0.19630808880557749 0.9078792427670614
0.5676356741153621 0.17964466237040422 2.208332460958919
0.5304837234217898 0.5417591323721808 3.8029199146564068
0.9857913039420241 0.8790714734673711 7.232419652145344
0.6332922501920221 0.40832642989057066 3.4676797674467807
0.08724153040159677 0.40628369743480386 1.972295377970517
0.9934071433874774 0.2541403980463923 4.054820973412971
0.8175406157301668 0.2680192374292528 3.4473651511779635
0.00020628128157873515 0.3286048269120493 1.4228130450332195
0.8345463362885024 0.05829618875078657 2.60214346061558
0.42361991996408965 0.678470813759687 4.20089957668104
0.9638804199340977 0.5051171769249985 5.1324383739252015
0.9308938136667478 0.15999313172419916 3.3939212487522314
0.13960615686904132 0.63346227593176 3.233825751529511
0.30264094138229625 0.9702656113716133 5.519351224262139
0.8698853401397462 0.2976278051728908 3.7755647163731294
0.4069716331308423 0.25369603053054735 2.0587149744640154
0.21246230987044146 0.057625627087957265 0.7038880741054758
0.15705877758628883 0.9160391548187136 4.842069367225315
0.7148556634609128 0.7268443880731844 5.376410263270187
0.20452505879693672 0.9760140766639889 5.307540401771978
0.6030217613298143 0.2660477958482681 2.7046513803657346
0.6259881821791455 0.3952061310283628 3.3808499787021007
0.9836740681082237 0.8907609913463921 7.291461917575005
0.3752226717478122 0.7456628897645345 4.429902101119326
0.15081677294239149 0.03172302502902036 0.4522776953186131
0.5778347815821259 0.04506196289564912 1.6718410300529203
0.3171627212643733 0.1765467414601768 1.4722733520494826
0.9969601927218497 0.379905067181484 4.651798140111791
0.6751950168262562 0.7759356376890503 5.512097008991635
0.4166055638787737 0.28422703043275166 2.2244644501719253
0.24246948918751943 0.7141022671123809 3.9100815479064615
0.7015032880963402 0.6919679602370314 5.141804938345381
0.938673620973144 0.9415125716744706 7.410951617976079
0.15530067456763186 0.547055742354005 2.8222126033149366
0.2405624446490835 0.6112788522398144 3.357772423228593
0.3077961396526768 0.29847464483015584 1.9933164358175548
0.997773755101417 0.3097939347522838 4.326247997590453
0.878596893595222 0.8180190281234224 6.470357531491296
0.5185612275425051 0.5477723909930092 3.7971723581016352
0.9594650576724082 0.8139998732658376 6.758098598979284
0.4965375273809741 0.4647421863787642 3.3145786161747304
0.7507700164944469 0.6107961021035284 4.881451937414943
0.9581581969589901 0.5625218460775577 5.400901735942417
0.7232099018190168 0.7618763984844072 5.597413606232306
0.5998788183064976 0.8891632126240342 5.906876302445826
0.060854422406637854 0.6071970003414209 2.922888304129024
0.30599359667755 0.5852717141966719 3.3892491107881617
0.3044276168866882 0.9427437487015058 5.361272178218476
0.38588132789475416 0.22688786211783019 1.8796966054550472
0.6383341341795008 0.7744131021159147 5.381506796410148
0.15784836527238322 0.09954014850867376 0.748681672163754
0.6332598971659277 0.15731571736217886 2.321548996068349
0.20195670023740941 0.2514094862650602 1.513544584089904
0.629416952685765 0.12266232949531264 2.160694970758232
0.6370899348773572 0.26257197065905824 2.799295377288764
0.7225931711893413 0.6780154352137657 5.139093904671325
0.639508090749 0.8859833644870625 6.016886759727496
0.04123711391039053 0.6307559764931281 3.0050517352387516
0.2526473009924203 0.9606321807389526 5.334468170310681
0.11549999012071843 0.7711019300807456 3.9233461348565566
0.6483146722336766 0.2505879323605089 2.7820872999875634
0.5591806654146855 0.730314321798873 4.885660643223022
0.0053108063257983895 0.754673980229872 3.5988785546709123
0.8858154554214386 0.3456236610391086 4.058250291132879
0.15373421510764906 0.6241291395754288 3.2171563802789436
0.810374604934678 0.3170730958464544 3.6462839416878636
0.5898025391757489 0.3365694687408731 2.9870289958216647
0.4652709199335554 0.8056130918125082 5.018483689752669
0.267839204639984 0.40031221384138005 2.368914972738254
0.13695120280969553 0.35060761997179546 1.8180142206398822
0.20216017126270502 0.15339618070494276 1.0823041884450109
0.9188055504064516 0.19924582516943246 3.5184969397957837
0.6338274854559162 0.10353326652964467 2.094244455628079
0.7241802334646288 0.6165675924100131 4.819223443120475
0.16592659651247788 0.32515362937608594 1.7657242286559551
0.5017160213017203 0.968232757165872 6.065556709346783
0.9339704175963761 0.8584097309056548 6.9107477658740395
0.2921487985660739 0.4779759259840686 2.81001320739235
0.754562522456744 0.6483955042827737 5.09248839231498
0.12468538663854645 0.37433036346705506 1.9023618937998945
0.18707865910634836 0.05888753057670659 0.6481736064699749
0.6310879949459816 0.665171361987237 4.7635864360138065
0.48163715223335557 0.052363034196165725 1.4074426750130593
0.29923379706759357 0.12593521112781347 1.2076089813557378
0.8557992147174024 0.26548612164481034 3.576418092710971
0.5935278366164143 0.4285467845541584 3.4371704508397314
0.7422718651488583 0.20087972302406354 2.8793828073077607
0.9798343927906868 0.9532804014131628 7.64160935224796
0.33739602929491785 0.26763580052292246 1.9308002629870482
0.8669605164063117 0.43426916874227117 4.41120795570931
0.72317802115963 0.7487035163510373 5.524713513408176
0.1105209570724155 0.6660042773921613 3.3408356031703335
0.32750189147487896 0.4017998652276178 2.5309038644767847
0.04449164594910637 0.06627960893429019 0.3604742207551166
0.5108054868587456 0.47938956478558203 3.429905833090129
0.28193711303345736 0.5527363813218245 3.159825794296598
0.3472016596256383 0.705328524134148 4.133754735191921
0.42501293284026864 0.5254743826933626 3.408682716402445
0.7698340267991989 0.1311751469700556 2.6742199894791057
0.181281394027361 0.18815940954568933 1.183467333458565
0.08275342975436295 0.10989001061365244 0.6239908465321147
0.9745155589411332 0.11897668937831163 3.388773902629285
0.07499162319760555 0.11206026182987827 0.6164055395459167
0.43094116739842403 0.21770935321789875 1.9658273999057154
0.3111069484953112 0.43234281594033697 2.635293004649254
0.49082292277171313 0.05321736091566831 1.4382545182270952
0.28002916407655376 0.025537402611485516 0.7412764302646041
0.38377578202602447 0.8248757002257863 4.894758136647861
0.6769640834996244 0.011379147794703282 1.8578546135310823
0.1122139351886382 0.8718942486308742 4.484796412946889
0.43378778374897753 0.842298581516103 5.134408635316256
0.06410556042811977 0.1679235070992644 0.8322129763676172
0.17527776640701798 0.7887856773612576 4.158603382465958
0.037741685635349964 0.11182363848552246 0.5367068861715281
0.6294297829000637 0.31890531792994437 3.0323632909255247
0.5465933253898255 0.22028766121751608 2.321628212695106
0.6865952191234511 0.4735928067779134 3.9632648069135175
0.37675090653795196 0.09423330131837604 1.2812561790039365
0.9702223508037848 0.5127232409103957 5.195554197018035
0.1779193461464097 0.7112122918823607 3.7381660776799883
0.5323198450724247 0.8360933424813084 5.39142955486958
0.08418071788516535 0.9420012193862497 4.830819003904173
0.6326326382004704 0.1384457689587878 2.238439638095169
0.9046732714685907 0.37413486317321076 4.264296619581344
0.4557769384954359 0.8078295303345705 5.003193166073999
0.13893784801762565 0.8429839731736026 4.379737293368984
0.8471767990949198 0.32316938575540277 3.8091781220256893
0.8343041242560153 0.35793694241398843 3.9245382446632555
0.20659762848881713 0.055164356796174485 0.6795783705202711
0.6545718367667537 0.8704778747523428 5.977251192464435
0.6709553488108341 0.5649922051076725 4.371276789982655
0.5046945389724169 0.4787104864797388 3.4081113313980373
0.7207320458154489 0.3792389293561026 3.6216966564597937
0.39949838943413574 0.30924784466589705 2.2912213501228305
0.7761001512392267 0.08966539587166189 2.521233213935474
0.09095027860602045 0.06081928385271851 0.43714863108978524
0.46370694794730627 0.49138197791445226 3.349422189346147
0.09076680148896021 0.08492309915239571 0.5366765446096872
0.5567947868481856 0.018069768585211476 1.4962155992352566
0.5250268333055662 0.07022106897266389 1.6115221167203224
0.4509127169706406 0.8886940039101986 5.449700760493861
0.7860533734926007 0.3308504264057065 3.622850363239963
0.7059535052253982 0.35089322317081717 3.4369763087412966
0.14516325689452514 0.520552676532476 2.664584680116305
0.12004252496546808 0.08399596485635341 0.5975344392685846
0.39939394456864963 0.8379616397397052 5.012329680729482
0.7557197028379364 0.44172281207118114 4.044561965922128
0.7948603348214399 0.14628303575226664 2.8280544910732965
0.609012542812232 0.6321866967247682 4.517328169341932
0.41585661703585886 0.7360832347110204 4.490801427270948
0.5967428496570019 0.04941503921100232 1.749689730874997
0.11577961261482006 0.4983251153775572 2.4865925260531623
0.6715738471260246 0.6942301930108904 5.053035459327198
0.5091687959688181 0.841666177198344 5.352657117359023
0.26743034072908534 0.09245864417600114 0.9847628461875142
0.009792874330883827 0.7478419253045578 3.570316895510887
0.8524418670916181 0.9017530705435016 6.85171175336252
0.18975855123241048 0.2371222377216503 1.4202413167393684
0.8404362448142081 0.06313857149384028 2.6437463364114677
0.9193232512727177 0.04719100394370268 2.874792749504101
0.9130356881964671 0.32266912590374996 4.054497412739821
0.25089638001764025 0.8234319267403095 4.536509598477733
0.32400465097797393 0.3870846226049338 2.4511613112882458
0.7158905754506661 0.4246239984053539 3.823082000563584
0.9403157959812319 0.3231740080959916 4.161962860027076
0.8509280147763559 0.7479932962827294 5.977401672298762
0.3936500582606831 0.2906363353550032 2.1892753057386045
0.6597596981087245 0.1350546091862881 2.3132604396735776
0.025562572473578737 0.0976580247986153 0.4519477790606526
0.9244554865775491 0.1806674105841729 3.4588392754023127
0.967211489789385 0.6544508011999629 5.916030101550496
0.8351722139817499 0.5201049993989266 4.718786262966142
0.9409001864097545 0.7917260203871359 6.560827706512015
0.1967919818800813 0.7800065983009248 4.160747734489132
0.0013288824597059712 0.2963390922401501 1.2758327573983204
0.45212835587011624 0.11527978255701232 1.5830853204164883
0.9894274557690798 0.7330924879265585 6.4276161493284185
0.553674352648151 0.22268628629830678 2.3542383213752096
0.387682124973439 0.9218807545412759 5.463048823729496
0.9856273314932779 0.23105819070237454 3.9203365498732685
0.09889804880497399 0.8132595980966109 4.122006487950083
0.1213284263782285 0.0267436542632834 0.3650672799003618
0.7696652672334321 0.05371664936179543 2.3494672339182143
0.7648161154636326 0.3808718761150398 3.7831268118756953
0.7742313520916079 0.24961083436708997 3.2086457968466098
0.1475291259000936 0.7479137780219807 3.867853226232068
0.2853635176069643 0.11222624073863274 1.1136590644598052
0.5505146425225712 0.4224839701494526 3.272524242307951
0.24877992800243975 0.18918364250302266 1.3519763291845808
0.8691936390246815 0.18037707788941426 3.2479290619559125
0.3301350230193333 0.655274818245878 3.8197435398733224
0.48986942537575073 0.14748776947445075 1.8314146247118213
0.16959053922556244 0.7379670941483488 3.8644058380850956
0.953171103993201 0.9334385417129942 7.419939039481278
0.14737479919742558 0.8792535695691599 4.606570047710082
0.3197654832842717 0.33451672927070697 2.1917492901133664
0.20172657660295157 0.22348633433087406 1.388038243869997
0.21415193418726575 0.23520807243131148 1.4703200463527775
0.2154043218290148 0.4945459570839267 2.6999671975244106
0.765925666104357 0.46839059373316927 4.211445581436505
0.7882592930505335 0.6607473173915274 5.277447586187803
0.4372117572945833 0.7156396281060589 4.440276225045798
0.4005530519268745 0.5828052149410753 3.632431629588497
0.7311564651309433 0.7873951667002542 5.7664745221086005
0.7806484063141788 0.23018542157286226 3.14443576150535
0.19230503597861548 0.8440713907196822 4.510333374330155
0.30578457601353204 0.9412007168369081 5.355735015676782
0.8863664349322558 0.151523397934064 3.187431258696769
0.4171218503095506 0.7018707006349357 4.308339621574283
0.22583063445816942 0.7068632727659137 3.829769521825111
0.8809643094269051 0.0655604656432418 2.8045667705661597
0.7247637702947317 0.2482011784416741 3.02921860206783
0.6379286760390364 0.7868042822709482 5.449088455474685
0.14115522146385528 0.7519124010958769 3.8752571027794946
0.1671638596753966 0.34653220851874045 1.8684848809482064
0.4495240495467778 0.6011824651509861 3.8672701872234505
0.1442228771519466 0.6887974335000103 3.538877630994121
0.0030953196862749666 0.5838748024407768 2.682609215064874
0.08455201156699621 0.7265474320444888 3.610313964982414
0.0777890661731746 0.3477809419839085 1.6737046227052927
0.04106744580380073 0.8319500146186641 4.103762312011102
0.1908074327315119 0.7072517367525961 3.7472343079985624
0.6247926431343317 0.5113764205404646 3.9469626588300843
0.2718274810252459 0.16144990639944434 1.2894108393651889
0.3176466307469953 0.6865781353931221 3.953894721091293
0.10686603760731839 0.8560549350771764 4.38220221738722
0.42503344647703634 0.17740295491950164 1.7718039516703976
0.07965908684646039 0.2785016013769419 1.3572332912874214
0.5136553984272185 0.4541033722377604 3.313776026816609
0.4207080418508965 0.45730771172912155 3.0567725303032196
0.9177012814196742 0.4134769452177045 4.502449169856043
0.812219549926713 0.8998861377369697 6.693479308975617
0.990409238453712 0.7490686544345103 6.519107403316254
0.2947883826443002 0.4049631796879207 2.4603248514852774
0.8091866448765641 0.3539150737426877 3.814072490392762
0.9445983009609805 0.9366183688549024 7.40518999639636
0.0844369106813887 0.97413250533738 5.021467572552596
0.043310064769321976 0.4571043389096874 2.1258576235377786
0.8176164109915368 0.3988320653944666 4.058124695470438
0.6100116700244942 0.354388203998071 3.1352813927403234
0.5448588406253957 0.9154169910498874 5.886245069160822
0.42209198316817653 0.5794313967925439 3.675811939350331
0.3588391344030336 0.4353938054779858 2.777586780945731
0.0727352390912025 0.3057708121922065 1.4673399315455669
0.9454612415337839 0.008662314477895228 2.8195437359138666
0.8124722851655779 0.46044083180072937 4.338824871285597
0.5331043844929709 0.40349978075584914 3.1272202498449864
0.10366401098378386 0.8046519275987414 4.08414668412415
0.21460228931433056 0.4261540191538773 2.361482045864125
0.7014573513286047 0.678750703156842 5.070662448053427
0.30499691437920917 0.25965680544376535 1.80906582492758
0.5366151983536099 0.1823556279841958 2.1238623548055973
0.4012825289337263 0.374995781559726 2.6041976883213933
0.8727519424419584 0.8792838680387266 6.79747543066818
0.5503191607204924 0.7502150051336995 4.967172074559647
0.017998445148153963 0.44191757664084086 1.999282285431536
0.42345255603888 0.14194255921288312 1.614135106261056
0.15089833630482152 0.9633957875881143 5.1062815744041865
0.9503174317090396 0.01798343396897495 2.8759952242013602
0.1703715471295516 0.18318179352321606 1.1360523019016666
0.023118835471103494 0.6180212657321645 2.9008074993215915
0.6093512337937449 0.7525897232456926 5.166761578231248
0.5814888373816596 0.937284491017613 6.128747123935392
0.8623961396540024 0.11750079508559963 2.952328998186277
0.8486044346364165 0.13359861556438046 2.9695814080956664
0.3918060469913186 0.848519801095074 5.05118912967232
0.9985663264302103 0.8796731030741146 7.286784541709245
0.47075442614310903 0.39098627131311203 2.879933931627325
0.6917284596954196 0.477093448941768 3.99793713613366
0.0851775602112621 0.12934518696042008 0.7117212624175737
0.026598063497040747 0.23734974785290064 1.0596374781933122
0.3056524014849977 0.47333051093379486 2.8220920098195688
0.2189539516462099 0.5400585844919652 2.9377463488852364
0.09422184540609813 0.8589368176345121 4.370841174190079
0.7559703315878602 0.9365698933762172 6.706874544100388
0.07632258785258983 0.1293723560803508 0.6926969439608802
0.8421497728389157 0.46031891041832085 4.446684926532462
0.1308301332355284 0.03458568304377507 0.41831569188018763
0.6033060129235939 0.6725908373955852 4.713331955207787
0.8759697514933532 0.49914104944649074 4.76496849354654
0.9994639048167416 0.32101804367144404 4.384980665713429
0.36123712710466305 0.963027489376334 5.632498419007978
0.39699397764956224 0.988035804031874 5.879950139765553
0.21612945217258994 0.6368490600929292 3.431943810154568
0.5444578429169535 0.11892968561486184 1.8752130411275865
0.5420040496888043 0.26182149912139385 2.493612983144422
0.7762999004036468 0.7097023823303987 5.497728336981044
0.7364463429248183 0.5957060412644648 4.752935754513816
0.6173778264724865 0.9284409742785569 6.191677573398408
0.5162777055585904 0.8563160162585833 5.457639265109327
0.8562064393516323 0.9670213569414207 7.248718078036974
0.33846138004016957 0.6497278903322113 3.812536758663426
0.19085272027746547 0.007599071692201087 0.448584234051627
0.9287329154790239 0.9120081360225222 7.19980204351358
0.1501530734370864 0.6693249165104143 3.448147602240106
0.5881624831672727 0.12054336224805828 2.0189642241143373
0.5284769688100823 0.41893527565843414 3.187489712007602
0.04458937892575554 0.36049661670669875 1.6631112480482673
0.2891288215644211 0.6559477966897305 3.7159118173291072
0.24650984704602585 0.46313860852258504 2.6208386035772833
0.9095758015893329 0.26758409832674235 3.788417384999849
0.12295812049439447 0.3635187911703174 1.8472560165995013
0.22177979813196635 0.07552109107675642 0.8005336746278379
0.9932172745268695 0.7810500815170076 6.707154659378077
0.23020378002052488 0.647558794875999 3.52296891270204
0.2684087827369048 0.5244999894406218 2.981961036809816
0.28721592259281603 0.9928296183407491 5.613953955794108
0.8361875558122289 0.2542902057216264 3.45340907173214
0.0022333447621211144 0.5728837130241622 2.6242022780980676
0.15654177951848514 0.3453304006142497 1.8381635758171813
0.9665553946998997 0.1288862901905511 3.399496956984566
0.38490892281552336 0.9259364079452045 5.479076587833339
0.5704416674030862 0.6579392320782753 4.530927992136638
0.3976531972873806 0.400262269690028 2.7146934231851625
0.1354529493817619 0.6218150195719369 3.1631673971127374
0.9063835708483252 0.5981525106293708 5.384694787690115
0.6926295462473373 0.3028009011352667 3.1678867710988636
0.04823880064157038 0.1127563544692215 0.5625439965205526
0.4347908919003288 0.7517992236039408 4.631023870507391
0.7647030160350411 0.5708080122808847 4.723230570810764
0.1454758154429312 0.2251923349926932 1.2635957714748822
0.34371693740620113 0.8161736910477643 4.736409466021889
0.3849982728259965 0.01690354728701049 0.9861201347899197
0.5951447950024367 0.967909144492335 6.35297160698459
0.059064513387102724 0.7197178115904935 3.5184826181984437
0.4370772585569578 0.6303506985872623 3.9839358446200803
0.1332386443394833 0.1942251127186596 1.0988536703096043
0.17900098345839943 0.13169379859014896 0.9341617699435716
0.9309521245046403 0.6401875377637488 5.69916634169199
0.06448780286252265 0.391777217304889 1.8537325396617992
0.14135925175834496 0.3414328013059339 1.785008504605722
0.868352864464541 0.050964619078629925 2.697198294865205
0.9553209089590778 0.17632453227252887 3.559668326783796
0.39120738943987365 0.9065331120490158 5.383392731869444
0.3752222637486754 0.9611920693910887 5.659894746534709
0.10035552887890098 0.6490378456112698 3.2281837974151637
0.8238293085985359 0.9070607873769087 6.777355768407466
0.8450031717636535 0.5181843897216822 4.745289324455903
0.875358992789797 0.3934287206462461 4.245472392651888
0.8251164376234055 0.02970521690636896 2.4507532784200805
0.06886663989602237 0.8678875473963987 4.367254878393944
0.768374144504216 0.12051338986903826 2.6237241515648977
0.43740726391676 0.7697842699086618 4.737844544194124
0.46728541083245445 0.7019881833215667 4.453666619651145
0.38899303772268734 0.708225633293714 4.263787739671237
0.4763219780561663 0.3836069314891519 2.861108586734802
0.40432246447994313 0.5024297708181257 3.2342763421198786
0.7735791062449574 0.8445008329952899 6.236767835019561
0.7006452835260311 0.5358618003633969 4.322789450921624
0.5194854010045014 0.08842062349718138 1.6703365845141662
0.41823573803445147 0.9802253999893469 5.893136043379788
0.2879830784722537 0.6265567006138102 3.557700511970168
0.6825239379049108 0.2715970881699977 2.9910401326054608
0.9167088552049986 0.8579038783345144 6.841387413420715
0.3402844987112893 0.6924078534145491 4.045422586614112
0.336064897114824 0.19261386114808987 1.5926249534011805
0.3793104448214827 0.2879701122831403 2.137304537894562
0.355101189482275 0.30318876848199616 2.1409777369978906
0.9730859066562074 0.03563617638370409 3.036882637647415
0.804446603815909 0.08736183373646311 2.613106970962418
0.007173401001513424 0.4671830455774224 2.101390440069641
0.11422737400307281 0.9269073943659335 4.8082895361717615
0.969619124515617 0.04601139750468042 3.0655621343767208
0.06406845668159489 0.3149497736028176 1.4912341348084879
0.7282975783921422 0.4895147929946583 4.184696424015379
0.9793319578781347 0.9972883246096694 7.901492300319129
0.5400707087707268 0.43077299268216707 3.2804751299665877
0.9902984477129768 0.07832138352772822 3.2807076841972957
0.31865771989221037 0.14426033439046937 1.3367105638716508
0.7587840250327239 0.16847870291318556 2.795621131698361
0.9162145419300517 0.39412175445019515 4.403697145835879
0.29252835273028677 0.4747171226706868 2.7948543798511514
0.9587594410723828 0.38701386558415085 4.534573742481184
0.5711641520946642 0.12865503594189376 1.9997290548681301
0.6611817951158343 0.17569249269718024 2.4931627792031357
0.5086754940007737 0.4552537124696442 3.3043725387944485
0.05638481926238115 0.5456894632883194 2.5964837298651853
0.15346037246686428 0.6348100860538208 3.2726950204223404
0.3857267001283403 0.3814985300304372 2.5917737359857123
0.042974155461596 0.567724440887641 2.681003893292578
0.38802668829904563 0.4902138973429332 3.1277833419502965
0.6065703132778395 0.6941648556058893 4.839592440687557
0.22587914570088774 0.15406605752185787 1.1427802600320982
0.4839698185032344 0.2546711874681207 2.285708585827428
0.0007321060472763596 0.15558701489472582 0.6480201268565721
0.6987902777846567 0.03753703660960184 2.037445583451509
0.6155727028711638 0.5659028793001888 4.193932744263437
0.5244803476747526 0.979033994639071 6.198683871661754
0.7580761757789602 0.852383272531655 6.226922173259968
0.017217908230726997 0.6741248000965007 3.1856757193164453
0.0766596600963706 0.8027930847705055 4.014845099716198
0.9131108680433394 0.16443061557197136 3.344753083050802
0.31025645413780867 0.5685366198618339 3.3141523431810387
0.7519498551504626 0.07352128323189344 2.368818806977365
0.4227467858166952 0.6304131879088191 3.9432819556763734
0.6993969224275102 0.986948776613928 6.809812894071534
0.7208809194101399 0.024149285265228304 2.0586114678296226
0.04314528957894592 0.6344681957106872 3.0285747693818665
0.06462109800639715 0.678504524716518 3.3078045712472064
0.04025930692419821 0.6043815792937898 2.8649428362072276
0.7051356480825671 0.7546548196063324 5.495610753542352
0.358551609808066 0.9258869837417102 5.406477118141249
0.4280085283506373 0.30508415657296095 2.3526213259258313
0.2648821767027686 0.478403120629452 2.74240894928614
0.8830516930009797 0.27957218968664377 3.742333046506616
0.5555550069444669 0.0051849333036289025 1.4405179963778791
0.06994501345529203 0.8123795702290972 4.054261178859847
0.5266660455184702 0.027651146950357863 1.4420783882681054
0.23978783447044139 0.8161434931311576 4.467738048405865
0.5075345995666484 0.8108984621409865 5.173810733357137
0.07329482939973087 0.07028577429472649 0.43804497806331255
0.0008440819439645697 0.8538946478085463 4.146403537152524
0.40816875914701856 0.8183674587325978 4.926134386680495
0.272783576565954 0.05927602890669703 0.8605957960057573
0.08802156800548322 0.5878684572279586 2.8808540843605246
0.8908878255710214 0.6704099107479549 5.706545860313606
0.4675121704037316 0.6450586226661867 4.149927087623816
0.9245769104407371 0.18900492224101006 3.4957388337969837
0.6348844491112127 0.7021196780493385 4.974297916447135
0.5993797405506446 0.36502325342971675 3.1513505437471294
0.22540211250743014 0.6432718152645283 3.4884962267095068
0.4357595803673957 0.8349178466644115 5.098164769953144
0.008078689688375995 0.2876834193743881 1.2497180718843257
0.6676827449393571 0.7475330379192138 5.330103532226052
0.5471294538885797 0.384639352278233 3.0801143875235253
0.6257886774333423 0.04067723484397101 1.807552400480892
0.24106342474093923 0.052103722113469364 0.751368110541664
0.4607653680214078 0.4537288484457308 3.154620722105531
0.5644557881028937 0.2407582612887038 2.4685194984622214
0.0008306561956711311 0.6804465965768111 3.1864559594812674
0.3559918206468008 0.5632458423170895 3.408943065816872
0.9179973347834309 0.6574229799501009 5.740610670603219
0.08212745223548501 0.5964509524020125 2.9125573711109793
0.6258034957728554 0.2244983260111979 2.591629809293859
0.6368753164018726 0.44452369896832755 3.655056916263525
0.8126591251836507 0.14073625399879341 2.8684848132963445
0.8545852527789696 0.7003094819946939 5.731157758375687
0.8834783324234051 0.9294720094677491 7.129296882963462
0.23897802881226604 0.524302157110673 2.907167936273125
0.5401042599842236 0.5136232182787435 3.690222815091541
0.0018459416214503532 0.5930108280227065 2.7274004449863725
0.5419244009401604 0.5239774453565178 3.747993002883087
0.7072785368766319 0.3737182599581187 3.5493383801382117
0.5390846117247328 0.10377623766119415 1.7946559001957607
0.07094401615292589 0.32917804480355883 1.5719914501286876
0.11040068447195905 0.5723272663458756 2.8498572452622404
0.6534945408591557 0.4321763382207342 3.649525936851849
0.573797965233525 0.26379133421349077 2.6015912402332804
0.11018287435710183 0.27816719087675923 1.422551764103101
0.16898655612215396 0.4036698971086269 2.1441585426605307
0.2376886692405089 0.5543199567488695 3.056423683411888
0.33700947708112083 0.9790950582055737 5.662601707629603
0.12109771166504191 0.47390318602101433 2.377057052905519
0.05782359475938492 0.6689404934983616 3.242234115464945
0.954236956559012 0.41353923342683485 4.644213713671623
0.03616418117227427 0.24492837292628722 1.113339609913877
0.34944157339315574 0.7305922472949267 4.277126580988954
0.6635667676017306 0.5717573476110126 4.381390245260102
0.19673857051038046 0.40487885198385354 2.2156254988664066
0.5551760884544269 0.03921846281338792 1.5769846051794083
0.9379658979518559 0.32357726017632515 4.154723105632861
0.7370392634709169 0.5676979658533653 4.6103782466870955
0.21189044311166316 0.6066092692499578 3.2630903286451827
0.9801235590589389 0.6736974408668154 6.0695473144379966
0.6579010412369847 0.5912397735563133 4.463159426594852
0.5418377052455564 0.30344567474348294 2.6831254858113427
0.9889582131628715 0.12580778500716105 3.475013512505095
0.6832195518886283 0.8113564049940278 5.7369528957611
0.7230200503202601 0.4295159081692389 3.8713456418530336
0.16854423954150421 0.7024210262625145 3.6685750429513746
0.3387678088036321 0.29878022083271494 2.0766897495805843
0.879370623233679 0.8056557635147724 6.403738202817407
0.8502026273985563 0.426296724189014 4.310165556242861
0.9669049031938376 0.7436588477295841 6.396378770932789
0.08585922791464196 0.41191817528959307 1.9964395471396625
0.9607828357700563 0.7655019874371607 6.49267057156935
0.044431538010910376 0.7993098056021514 3.92697262533219
0.7874567222762561 0.716442394861657 5.5740608186123115
0.9166237644065734 0.7083383084036743 6.008543047054901
0.8788285121513308 0.14299007826636256 3.1224030536208542
0.04701086472350524 0.1911827798138921 0.8975137254019977
0.17548862911579377 0.1715147125319516 1.0972496639232525
0.6598337396287451 0.14419836517943851 2.3526346724481217
0.7138657091631816 0.08311966011917415 2.276723187420439
0.29484506138066136 0.5571529712492047 3.2156550513505247
0.8850034047906278 0.5744512766053659 5.181037211687257
0.03868931978386447 0.5124209441398682 2.3911345035857337
0.6181389905459366 0.8698354017656859 5.854329025952639
0.26658416051576495 0.28989900282751657 1.8478728788198797
0.08170422120471477 0.31430524865768383 1.5260928061366024
0.5211655438918645 0.43754636714038164 3.255576903883104
0.7694679726918398 0.28707844438515184 3.3617447171533756
0.5401456987297152 0.12795220869707713 1.9002293758144115
0.511249320369608 0.12981780384651864 1.81999838589921
0.3777689991750417 0.5728035413256742 3.5175654773457263
0.47927653200228937 0.7298204048209619 4.640178500709601
0.700511812771867 0.6502504084707524 4.915567652976051
0.12478484007620405 0.28594329286047027 1.4906776746390218
0.9452256398110976 0.0595503829279852 3.0256505695973046
0.5382706592293324 0.7742484347580975 5.062730998803599
0.58290380710682 0.22688522532569289 2.464602269327127
0.6077392014789199 0.6790879578029206 4.762337625616699
0.9843992469050827 0.41381541147722856 4.764345211802442
0.19040792600602252 0.1757985249990187 1.1511702516858653
0.6424554647263736 0.1662001451547429 2.3900830224779575
0.7042105311633499 0.2580573832130354 3.003156680410968
0.028036438428689525 0.5453907855319087 2.535873169807892
0.4502826607961443 0.5046375209231252 3.3765289074218825
0.06134006256492841 0.49430333146148975 2.3479918377452123
0.971672445920555 0.16091022431501978 3.557025231551533
0.12344174089616944 0.9306268586119727 4.850695129605695
0.010422516468302723 0.2787719109119017 1.2137550837472173
0.5317761362759529 0.5343217919051478 3.7691250765898054
0.2769030530065787 0.824524097310805 4.6084177830669395
0.4916442248433164 0.5091071286694545 3.5206210766482924
0.8035445235293796 0.4499522269306143 4.255038762595094
0.5360310642129884 0.5619500178928497 3.922979324408459
0.845737708922728 0.5850784243204089 5.089378150026209
0.8859522290668905 0.5456381876256753 5.0370895926205055
0.25995008329875136 0.6524818811359463 3.623134342159019
0.2547744636948379 0.4065275677470843 2.365833889067366
0.8994376677624264 0.22624224565474915 3.564017990052666
0.152324173115866 0.3598846584749773 1.8969066012527247
0.5163819414971738 0.3889793991582676 3.0066367621013352
0.6976051979329272 0.826254668267269 5.869578857951423
0.6281374009892886 0.7507564362209888 5.217492367911349
0.7330938603749821 0.30765128461278546 3.328868780244497
0.8430979879149266 0.8307656345444159 6.410244270773701
0.08185570329460812 0.9124634058511694 4.652854853173265
0.41807847253179053 0.7088945243113512 4.3490560981021185
0.5230682662357276 0.5694104105666667 3.921606801542672
0.4725846741405446 0.3549650073510153 2.7143658083613817
0.17338544846413262 0.32530263360124 1.7838657485002363
0.8680218544820685 0.5222172645274444 4.851085578302931
0.9370789877295476 0.8172595821247136 6.689226557776845
0.4075029053824668 0.9912225608112814 5.928476836966485
0.6929921230037568 0.7946616166383054 5.676355880064194
0.38679505745551956 0.844447321621561 5.01408109686313
0.005363443284723046 0.9313021072340635 4.6032876969681755
0.02140371822878462 0.21915657842815495 0.9679214751925422
0.9733337934118247 0.9550210076745367 7.626195416018937
0.37410196184565425 0.8888000145209087 5.233321725444078
0.20555092283573984 0.030211246819880744 0.5751107342640387
0.6100161274168763 0.33637603278125583 3.0508048970971147
0.38640982926466205 0.8719386982177806 5.170164101002509
0.5917309780014766 0.8813277490602733 5.835657103834279
0.8338323033009037 0.3095090448559876 3.6967729449015136
0.42252504281336445 0.10942874490270715 1.4732671272529747
0.5917291412670936 0.5919902187229663 4.2520149531144105
0.6304497407385266 0.7299677872998078 5.111090476768937
0.6406192613834143 0.24206325636144232 2.7184792063483343
0.6522456418692123 0.3545969631705006 3.274042520047549
0.9286033892075406 0.3230323252896641 4.1159902172035165
0.9469260538744286 0.03722127085373916 2.9407915656739787
0.955804747580491 0.5613491311216466 5.3856815821560025
0.16373992664986625 0.34432951386708144 1.8501714864673025
0.003353499598541032 0.4473679152916519 1.9963279579556454
0.12352337791307555 0.2935164907866683 1.5225226742276012
0.35399051927987824 0.534846621205256 3.2587377193354965
0.21006759298133426 0.6974998185900557 3.7407688508770236
0.5693885739587254 0.26004987569072713 2.570805936681873
0.035756189420345974 0.5708566104751116 2.6820945955461353
0.8558009704290729 0.007140306107963346 2.4726094502486573
0.1006800929101388 0.06590774181869552 0.47947146463509366
0.2556859726629448 0.6864902494860542 3.7939771225261274
0.7082246189254043 0.6379632126954397 4.876881260237289
0.5467369246287359 0.06136149873040564 1.6416063424580238
0.30757559673733725 0.0501835773125241 0.913006641864982
0.9752625188223708 0.09181980695007674 3.277372123013153
0.07057464483285358 0.24528165438330873 1.1874197776692383
0.4324235691574638 0.6172236952666789 3.901697152543177
0.1379607821877229 0.9168317379508272 4.802862129314537
0.12112792423393448 0.23925358543578223 1.2711844423840968
0.5086904997911766 0.5129846495316028 3.591238872941623
0.06786597725135024 0.6906291010325746 3.3798227046943414
0.10871051495722239 0.13432405905557754 0.7845781950401857
0.7046480975982963 0.9309541193776566 6.496317186542345
0.8865313677588882 0.04067949585183228 2.72337340632831
0.1931014138616054 0.372046510041824 2.050095629560159
0.4525646894837039 0.5633968367070402 3.6809475195745494
0.5491387200769625 0.7154468094328716 4.773482148900852
0.508058341249548 0.45483598026595884 3.3004596506206694
0.8285617919406512 0.4271636359287655 4.23476154252015
0.4386446221401866 0.13929667223690745 1.6462886006567865
0.0016041694818991203 0.7077173505853279 3.3349441629843524
0.031461534049536666 0.8959493027424935 4.4504352602785575
0.42125159630709286 0.4414757832540097 2.98076010022124
0.5904290166639589 0.29333923157186503 2.78886928811332
0.23841423288177666 0.619277803087465 3.3942860219508564
0.8094938661466028 0.5316390538531662 4.683464350616735
0.9158404337579907 0.9720281663544674 7.503395989226304
0.4314263062311291 0.6773659147869495 4.217269511833453
0.6381052756347384 0.4771861825516004 3.8198402770869335
0.45908747436495567 0.0986811560775327 1.5333988527236344
0.9367775793681103 0.42379676244115205 4.625898137563208
0.7869796823122452 0.04925560507230864 2.3927449199170465
0.6833036432690219 0.739261386064041 5.337064096624254
0.7894124739376678 0.5173491242526909 4.539043615259514
0.6610605347057754 0.1281618942488294 2.288195148089802
0.6363507733557914 0.23007180068228406 2.6508640896604216
0.7135739013085132 0.028175125054704875 2.0498298531363455
0.9530915758380053 0.5648505486064894 5.3930250402963935
0.9622772402544887 0.9148862811301834 7.347093999541723
0.8923762323306083 0.30183930310631435 3.879551982014751
0.2640284303747755 0.06399494093933134 0.8578429890188726
0.8393284476184629 0.3437827025719469 3.8764464950940036
0.4025087357932685 0.1951444683153284 1.785689990751818
0.4314524913338339 0.15778047859051036 1.7050728287321317
0.7775660123107315 0.7042988494835842 5.472973195440513
0.4411982075576607 0.7674546587968286 4.735857561963685
0.3791414776272878 0.07141872198883259 1.1928067371178273
0.6925206794631852 0.9131849030354748 6.351272529684331
0.7572318578088136 0.8212557335813232 6.047347716363705
0.9095398479697793 0.849844756534115 6.767957567329437
0.5358376502617738 0.4538618815064348 3.3802354214719066
0.9120093768743719 0.9360739397791077 7.276310037105535
0.36568335578259703 0.659883877091021 3.940073267870378
0.4584862880437778 0.28825019631851856 2.363271213363456
0.9096625289223423 0.15711369305440892 3.2999504591329067
0.9433023854411469 0.2846501160279693 3.9960503139278654
0.7723065541227246 0.7241049861854476 5.561818497546784
0.5611038204102957 0.463326385712617 3.5050220206476053
0.9935139903860789 0.8573722592480664 7.138674257785427
0.3501851878002541 0.412775391860023 2.644485132920495
0.8909395204779545 0.9231638909992688 7.120539403747381
0.7629447084857952 0.23850483654739707 3.1188779484241542
0.6465573966605157 0.2214347561610882 2.645923636377929
0.851941662295429 0.44493709224815403 4.4074053055964155
0.3941714018289779 0.36285118026980834 2.5267795977802034
0.8752187967701205 0.12620694503045027 3.037201508855699
0.6461770904167116 0.4846708771567526 3.8834883808037364
0.35151999357777153 0.2600647090986298 1.9344987823535336
0.011191017758273358 0.010888749496598571 0.06618083724700667
0.3481942623210549 0.10299557427189798 1.2402181543626034
0.2726999927211984 0.601015035783348 3.3850444878435897
0.6354611641791618 0.5702954684203895 4.281152014520648
0.3867532832821987 0.880155286450095 5.218379142760387
0.4813355795245199 0.09259606067960802 1.573313372337059
0.5379320199989778 0.981788849597761 6.256299641723676
0.6277956804687121 0.478799230423564 3.7941644021010505
0.13792293664664645 0.8175271727897604 4.233327979155188
0.6679840737347242 0.9039287166876797 6.21497286183604
0.08858047585646123 0.7198408630641229 3.5825417728092726
0.9052756193517283 0.13534355007351895 3.1897672625366904
0.3314647541921081 0.2951375890357014 2.040454944260463
0.18036086648468552 0.4246947096955904 2.272396210354261
0.19865685738067596 0.5328819137236076 2.852269050613883
0.9626956611077164 0.9993623626889563 7.848348840846134
0.15232219193490026 0.20650964559639695 1.1965312501355903
0.7083969109286197 0.7604938653232004 5.538946385757474
0.10825019417466886 0.10757639024274435 0.6700967335968278
0.33297279869621943 0.6601967047685641 3.853462990125559
0.9377000081832504 0.5159060085422412 5.08446436553232
0.851576194257534 0.25830074654306034 3.5282566649781564
0.5925124012981388 0.2931053461342784 2.7944278767579727
0.578918515536925 0.5388500358972423 3.9387431834807556
0.078274157885308 0.2159220370651368 1.0729856339141755
0.6489373926572055 0.8028386923262051 5.574899260104015
0.4283269916016993 0.6798771252400764 4.221859401322977
0.7252370731931687 0.4133891805828751 3.8008902956746122
0.7870794305495673 0.3203170759774243 3.5775242241657903
0.21639577814556787 0.4270353953622589 2.3701194994315977
0.5543747531457491 0.8703789344703324 5.65515610066795
0.8307771153495495 0.7970378997535416 6.17516585874532
0.38685778258034687 0.5453028601150683 3.401941158813624
0.6393276792296325 0.06162031113467559 1.9376735471714495
0.44873708172277804 0.40694399029313844 2.892218504366887
0.32657242559786426 0.8857352536730644 5.087262354648146
0.3528243057161661 0.2184308660250549 1.751569109469102
0.16370647774909564 0.678455754225935 3.5283379937012285
0.2776559016554414 0.5042814892063668 2.9038303802166374
0.5194294021310215 0.4845089225403012 3.481450294242602
0.23615774513234689 0.6706794867323486 3.660614891703649
0.9597409912890239 0.4403275228925585 4.795783171925416
0.18793644917251007 0.28381314357171583 1.6269954820235142
0.7553296779453309 0.41136833105046644 3.8958795062687708
0.6132181499502721 0.12684697407354106 2.1259508504547564
0.3161846709557977 0.0601071399383194 0.9763835160838638
0.8193213046825515 0.8601216340136494 6.490225771024728
0.0733021536871491 0.3812563178650836 1.8223591644818489
0.36340619872418745 0.48792825129519546 3.048663446312308
0.31403666346206727 0.7964154620432156 4.546631789276893
0.2161458575377545 0.02253847755174565 0.5696726399835734
0.6435334929217714 0.13507547992476643 2.25974964733161
0.14551896102254736 0.19149620073417184 1.114869287894486
0.9318325562505997 0.3136470786629115 4.084939829995151
0.5270382392726377 0.5605534252176947 3.8882796275949465
0.8065924293770774 0.2905554432750853 3.510420444599693
0.04111625676681574 0.07495711514979231 0.3893700898148946
0.2262985608653415 0.12643973665907904 1.025554114023141
0.22786568127632978 0.012335708586921568 0.5571491353102132
0.7446737274345102 0.4482684723037227 4.037904927676632
0.4530268697937846 0.7320351365268609 4.575303071560067
0.3514880827559125 0.12243786956922342 1.331262548012796
0.7479189162209768 0.10557235665415998 2.488655486789267
0.4127932440752987 0.7919804121713137 4.791139372453105
0.8878804898690229 0.9699214041547697 7.384525890884742
0.7671664011126837 0.10527063354545396 2.555041529690432
0.2034430686722709 0.040279548607004334 0.6110158559993335
0.52499435313134 0.2925816204547447 2.5815382635293775
0.3970067675673802 0.4719681291932164 3.0622543403760702
0.10225100811486054 0.3920318682222137 1.9367737434808803
0.8054129178049391 0.21886206257065477 3.1828646564922445
0.9166133221855117 0.23924852902729932 3.687640601529908
0.27769098727699904 0.9302938264226018 5.219116168139286
0.5861765945769745 0.15413122489933462 2.1562375232701156
0.7271656643078281 0.20718985911864318 2.8547883061600774
0.9805252315282659 0.5134706677858615 5.240014990539995
0.8619263949248247 0.2953363178038285 3.7353387119469925
0.87753174376546 0.7045883736758043 5.839923719869302
0.31742129891114124 0.44579109319493093 2.7174929503763736
0.6543867053141473 0.04709291900936474 1.9275847897784808
0.61261120643103 0.9274052553226408 6.170216431997558
0.7560183202488352 0.6721119756435786 5.22378275142737
0.10053097759273266 0.05710974010829872 0.44286891548964813
0.4957354164708009 0.005615741481047154 1.2597189385616507
0.2692701685484783 0.0615876980793314 0.861190597639119
0.7978178757827519 0.8305124611967077 6.2439499074738505
0.31864869405792273 0.5364627746058735 3.1724777853019916
0.8299367259538907 0.24913351715119358 3.407269998967743
0.151851019911741 0.35987783461215606 1.8957841663654764
0.5849524349046895 0.37840339835013415 3.168876946193771
0.45943984050172826 0.5295716057388034 3.528697156603698
0.5973653653646601 0.6178725981008497 4.404833050353868
0.6049979701300454 0.9818686286590037 6.467559002702293
0.7223722477635964 0.9125050235901436 6.449251672304047
0.9390611718210911 0.8451853973818074 6.855038173538857
0.9825252721669049 0.8928997627855445 7.299275492305119
0.44317297913543585 0.409598176360211 2.888911619225104
0.08734513484172146 0.22330323022091214 1.1253966957747037
0.20090284470761244 0.1981263062212869 1.2739269005288747
0.9537219751881421 0.5805475080897478 5.476254997841262
0.2521286845691274 0.32987683507469345 1.9961523093384836
0.7524398821666607 0.6570216843208445 5.130809771559478
0.03599528565981769 0.19173579091156268 0.8769920090721004
0.9914180914103796 0.7781054213068148 6.683615746690874
0.8356213013457724 0.2530398976226048 3.4456943422336246
0.36093513011420497 0.1881943378854214 1.6403388887327859
0.7661680843406634 0.7139640282119019 5.484950448571742
0.21157743396859952 0.010493844310162426 0.5100053765109918
0.4209582004438257 0.3835796164519937 2.700573995373989
0.44661596558956496 0.5160088769703313 3.422998420892137
0.17789002040003443 0.2488941499627847 1.4449497978948294
0.05305000084439382 0.43955274344684314 2.0603318923373966
0.326940391192419 0.12929860751307076 1.2946833617349922
0.6715622173745032 0.7870283987399886 5.56164754193715
0.17927845635916562 0.48271909856454576 2.554591800010007
0.30107995462515935 0.5976017076054517 3.440343679682165
0.6887550996037138 0.5272234726756606 4.238752267280375
0.7194729027316717 0.37887897901147305 3.6156522600111494
0.16511317058253894 0.0490352907130116 0.5560343228522524
0.9660448709205168 0.19302814596004103 3.674704883445807
0.6719719941281749 0.541510775673112 4.2547673720114885
0.24056383939651582 0.879380979428038 4.829833464310192
0.43413959852731565 0.9515712014765959 5.768528945450086
0.578162750638287 0.7863404491637118 5.254290766148039
0.5219976387287248 0.4082883500619572 3.116329589339958
0.9925205885476448 0.5665433570206495 5.557283099253078
0.8984927385290743 0.3888986370621752 4.311111376405143
0.7191551996394862 0.9726626004389618 6.792217536496011
0.018285614269212935 0.2404636358973622 1.0565828960060564
0.7291588131865264 0.5595814554980042 4.541447428549918
0.08546456547467063 0.14873782299081562 0.7953075548524251
0.45161512081611144 0.0029568544374721784 1.1190226197200268
0.03848126399371066 0.1866329831781116 0.8598071387883827
0.29130418912775435 0.8363424669397679 4.712305098624856
0.9484791099571535 0.7240395929508524 6.216962545903265
0.6278604288216391 0.22802863828414333 2.6140411887376644
0.9115065786861537 0.2516058634029482 3.72358636447098
0.5474226773611507 0.9043068937180876 5.829515475309959
0.5048209111297246 0.5442232134694391 3.737557734530054
0.23562720485751243 0.9443317459671074 5.195864019693704
0.02314977404591989 0.32342815466949026 1.4451538500410899
0.21629956958055419 0.1412770468093585 1.064452034154449
0.5281875174926213 0.09349072688616344 1.7180605121786177
0.5308764951832929 0.9597356413082287 6.103617909934916
0.8757067180389531 0.9130311287967465 7.004026049435309
0.7336139390144052 0.528975263554636 4.401133173216283
0.9819744153752978 0.9562501038162827 7.667637259516036
0.19435845289799747 0.7996119702632791 4.264319298050338
0.4235498014554705 0.16545201486201377 1.7156764658938646
0.5346676704801601 0.7086944003291145 4.692230213191302
0.03254986846439256 0.016877885445922947 0.13395563566665186
0.4324251438510215 0.7449542845925112 4.586615817239405
0.792361423504816 0.3935155250679764 3.9414760412096412
0.9109813737695738 0.438178920115207 4.596566257388405
