0.30623217954880544 0.15019880264828878 0.27156543075086303
0.26506356560750577 0.8904977816492444 3.130140221453731
0.19606006315115143 0.6153827428224631 -0.36521883808783817
0.43052147656704765 0.8535002762313451 0.6492877051090633
0.023113551992055226 0.10287401856091283 0.008913235761792704
0.19578191508398635 0.0729114692014522 2.2114976023704904
0.3528052884687256 0.344117908676993 -0.07325019311239689
0.22324201934573862 0.31846616499044744 1.2997552482729497
0.6135218556965458 0.38794371344120204 0.32264571639217565
0.5804571115888542 0.7831620778456531 -0.46033351853239113
0.853567678544551 0.8429560304375563 0.5572695205225361
0.04113053653818566 0.3707301811179966 -1.06188096537515
0.48817443749109535 0.29680691718281094 -0.3300478246789008
0.920826156293208 0.9958971032470195 0.2519241555113142
0.10910188331885673 0.8824207407221105 1.2245358483876851
0.41105662230435625 0.8194721581030892 0.4584065866407604
0.47012682247455506 0.9743175377252932 -0.11949886346992769
0.12729654869520868 0.5611050109608874 0.1644478092719993
0.9823550002909743 0.33078538668743906 0.2105203809499549
0.02031596620537346 0.3093235953097434 0.5409232321365522
0.7054860480119651 0.11208245556171881 0.1591463251904769
0.9655091423448398 0.657633569139306 -0.9000675196939972
0.35274539163358376 0.2740615155711914 1.7255285808145
0.6058947579288002 0.35344560805482717 -0.06578149660535626
0.21738033605147855 0.8366091043065039 -1.3983675815904837
0.9919695462876367 0.6524764140314668 0.06215633191495369
0.6691795634386896 0.4599177870150698 0.029844671181013194
0.6930397418519744 0.7979532720287851 -1.3779242529284421
0.17547092681638354 0.2921472799051954 1.593754047810006
0.8304488052874637 0.5033407187556704 0.8613843393716845
0.24618776642934126 0.1340394021704271 1.552709084036894
0.6041956932835899 0.16479216518970108 0.09311597172795633
0.8185120565360069 0.2816257792289928 0.5911329525992589
0.4177464517045397 0.6498919357080234 2.1588200283569208
0.061469044646304316 0.9050049021076695 -1.2607953369214533
0.9072540528790858 0.2131371102171522 0.5834452270106101
0.733865411760651 0.5228331676535866 0.59949732829201
0.3803659771279406 0.5341865192601467 -1.028825992977018
0.39419157099250535 0.4744632240103317 0.07565897938960597
0.8786033770791212 0.44768877657308903 -0.45705704392212154
0.11182946783626213 0.7197080773557623 1.820218733728064
0.43428677886220524 0.47904486320299 0.7289132671101238
0.5685616868339765 0.672030764754673 0.3412762391417161
0.01962086328262369 0.029388699153712006 2.4871636220998763
0.3651466902190754 0.5235676000109669 0.8925818037603607
0.4695389079352754 0.9550433231283133 -1.6792649368936226
0.24526652716463737 0.5588792152075219 0.9377195823554556
0.5496497701736692 0.22097664102696757 1.599638340416165
0.43613519145846946 0.3619840132608847 0.822792673912474
0.9317510591499547 0.8085957229165252 0.24844412972961916
0.2948921079231972 0.5391696958553922 1.2563874367553238
0.4212339912165928 0.13578028789505858 0.9965592702241131
0.2498152520531276 0.7000654405878756 -0.2782663789728574
0.44203456635561966 0.08359926029398779 3.0074767057749674
0.5833858749477278 0.3964381724859125 -1.482814139787135
0.7602082949803383 0.26749297467996 0.2651125363278774
0.7334281666444776 0.5731570894907074 0.5058829843242281
0.7221011571759349 0.39171466487397466 0.16524730338357435
0.7385050038380734 0.0073728415165883465 0.7243969800345398
0.5117420585758616 0.4217777634679979 0.5023826875040098
0.26014157704754726 0.9019493011443803 -1.3293196952377326
0.7706817055495284 0.05675190296721011 1.660785386977004
0.5064265511976614 0.12796981207231406 1.7649742383697222
0.3654179528258079 0.40496365837412607 -0.26538620029532867
0.1921008565564577 0.12153119482574659 0.19367608502064748
0.16437640402808906 0.5954478889943918 0.7640047606314662
0.10972907852200553 0.7634386721767512 -0.0837479482557077
0.7300651548609235 0.716233083682769 0.7522234157940675
0.5625772172674522 0.9784961147529443 1.3566565595850757
0.8920156591662021 0.3322718587625899 0.4815215725646639
0.19507492735239107 0.0929175226125839 0.3254437303835389
0.8947697847896323 0.26691359104612955 -0.3775236858782027
0.04256659502374771 0.80710518776675 0.7265997241633946
0.44332979211173773 0.7767543772966284 -1.2831872537985074
0.8933425218014006 0.8314323124184045 -0.5091725554197482
0.6689176285113267 0.6656032683774638 -0.694087481424107
0.8211247653333703 0.7936367534622485 -0.7690337662321232
0.6616373630799396 0.7303399708152738 1.4840923420938594
0.16805860178294885 0.6172515429497156 -0.16045781175651497
0.6984968176567115 0.3003239820172362 1.2551870226590411
0.6243778480923272 0.27243235585098124 0.41338490111838144
0.660001302793495 0.0858322316132637 0.2734216764269796
0.9428828904445726 0.5123886054265321 -0.4626231737590105
0.79345648509111 0.15562333644603132 -0.03519825747469835
0.98138637124715 0.2283208037632921 0.4991752117273277
0.972176676732636 0.7580511228213794 -0.41594500425924386
0.15833243742388192 0.024240988239526362 0.5888717115852369
0.7295232752384921 0.2040748343959765 1.8780448691101346
0.7500746444889766 0.07872916221151727 -0.6379852071208152
0.8342403937785282 0.19859900381446527 1.171917600123754
0.94475979754804 0.07130040673394011 1.1755622504207714
0.748933157257172 0.34197219292842584 0.9710272776947956
0.1776273452722399 0.9703987639468045 -0.17997634446667535
0.9172467270363076 0.19707583831091713 1.3219887953809408
0.7311107033015494 0.7188166677530382 -1.1346215777667852
0.2011269631406295 0.8062865042697139 2.513479227815233
0.7721781796230616 0.748188639614818 -1.1096543523228346
0.5021883778266598 0.8804651241668165 -0.11131912177283669
0.7631714418862132 0.828336302382865 -0.31084358845217086
0.927040072391858 0.1790986828643324 -0.921067399216227
