0.7301007544286903 0.7664595833466289 0.11612567061252133
0.6390024775483023 0.40145062403873844 0.5063240762733476
0.3506172100904873 0.2816136208279293 0.8821321592417041
0.8260558124129384 0.5402561139555179 0.298178594867724
0.7129066878314435 0.7998260589918527 0.11257806085847036
0.7893365172842967 0.7082914647901529 0.12283699660030827
0.143697848033027 0.6052462972914208 0.38750269666476694
0.056680968373070684 0.27331840166353605 0.9149348350525904
0.46215222382596743 0.1977565842304152 0.6067128736480454
0.9231524938056609 0.31080345625581696 0.41015415083600043
0.01957812949535398 0.19978431231338933 0.874383253428875
0.1746996719120003 0.546440038005374 0.4479589443489714
0.6905556768710127 0.950497374288816 0.09976841401186409
0.5665746323593099 0.9101483489662547 0.12580872540709323
0.9962928451090821 0.5266418655234881 0.14484864764418437
0.019816332406932258 0.9972667203585509 0.2688632083010783
0.7033560703033895 0.607024774093795 0.22958241844730068
0.8756367506584534 0.02579766159162511 0.19332946571449425
0.33611026358320883 0.9698552939848702 0.19980225915199956
0.60114413621463 0.5703610520760507 0.263478646457426
0.12186682477914934 0.8082992825693716 0.30027210511639435
0.5294386309505101 0.3168926862486703 0.49408934182212416
0.39436515025411434 0.552923734345959 0.3222669294452619
0.39394806947144245 0.813111509638165 0.06769214677921934
0.9466476582936377 0.4112640705017192 0.32191862710812047
0.18527093121476357 0.10201654982844122 1.0800331207673608
0.8801197278821342 0.26951004239458265 0.47746568773336057
0.3365626528660458 0.5101462378708139 0.42018225333592196
0.8656968464021624 0.7358421034045992 0.08835596361278333
0.32087993148225513 0.518256831921906 0.42048489202011513
0.5427136615364431 0.14865877535140182 0.45867729137375113
0.27808248510134304 0.358629530646443 0.8687524060450449
0.5682342962427699 0.030349244320711066 0.3714546519531011
0.8070320218124856 0.25184367365820715 0.5645801901583495
0.13441563945757384 0.04560076380363165 0.9307070859142662
0.4700844953155272 0.5607173907455577 0.2772691450210402
0.6355965986716196 0.5628936391697782 0.27889629618379125
0.4797261425640593 0.8216190631895433 0.02796617566265941
0.559249860850984 0.3093871240371445 0.49676277995125584
0.26310321965310657 0.03428387396486998 0.8770124184196406
0.38706685964709664 0.3361135484511256 0.6881076683191252
0.7771728843558455 0.9189850083967143 0.08100740762716248
0.3775772669585662 0.4786512270184269 0.43134251427305725
0.021245709779959987 0.3848688680836545 0.6599866330029496
0.6094587898902808 0.6666849259349693 0.1801019528328301
0.8307756221741482 0.7249697243440049 0.1026944547794476
0.9880098735044909 0.8382957165036444 0.044488278192167045
0.5591478520447687 0.9485962418896836 0.1311191436236268
0.9686596402182042 0.3088373455040544 0.3109958598115797
0.25240195768427354 0.8412405271228518 0.24887808601395
0.5211935186263706 0.594725336540688 0.2373956414283878
0.15413261669666822 0.8027632497101592 0.29386437804627574
0.9652957116227902 0.7073323750687092 0.06732796549826914
0.18921207690448472 0.4249935643322684 0.7182559041791803
0.8276026654378034 0.10525326052663264 0.31000231043699045
0.27485986465654855 0.4653685931883793 0.5652287032417749
0.3315673484835773 0.9014874584776925 0.19750156223592427
0.7261007230775838 0.6670673393661859 0.16648344609715288
0.370846593215969 0.6916703193685542 0.18412910279280748
0.14437540625677092 0.18067749183405657 1.1584784584710786
0.14159377122439643 0.01193765887056153 0.8726676652562969
0.777211409389534 0.26120334138377943 0.5969730879777673
0.8053728544474242 0.4558208326597252 0.4759269043120589
0.12476567491013191 0.4893810173823757 0.544361634714375
0.526460873786858 0.5222513561981157 0.30216659623792425
0.5979928337430792 0.28884541428931454 0.5168180773971333
0.4044787425462312 0.44548609417466967 0.4553902697893399
0.75649592636956 0.505173368869473 0.3970128840006088
0.6326361170718753 0.5817757247866233 0.25592208635161756
0.832561281260725 0.12472042566598651 0.33441994715964113
0.19899550861835968 0.40280175359712445 0.7866706974722029
0.03513171286315997 0.09737321359467022 0.8693398496058113
0.6648009445699645 0.47709575986454333 0.42116451216940387
0.5334130730415492 0.24526980087963413 0.5058024994586902
0.5625089845772682 0.42756529854267333 0.4121860412740926
0.08862608864107402 0.8982386584151576 0.2831222491375038
0.01531187622337582 0.15753599684728903 0.86313741339009
0.5047047788904153 0.20472234426325842 0.5286802924515261
0.8952026829738078 0.3706092723095693 0.4588956428130586
0.5560646058665023 0.11305271914361725 0.4245301944712013
0.6779867661930774 0.35822532305074783 0.5869017067871134
0.6620420254494885 0.6547800073829743 0.1862460910658887
0.7713598255048743 0.6679685596680182 0.1544286640583364
0.8226736796623213 0.09359886481013502 0.29785283535023416
0.7667045108463775 0.9029730858814708 0.08492149950239943
0.8688772478916844 0.6031421323400578 0.17740084975111686
0.49790483604082914 0.3436857521216078 0.49129925918274736
0.6470768349937674 0.8000143916365955 0.12513023709279913
0.5250543241645845 0.8315478066330176 0.07194071920770784
0.15701479437798438 0.7209664962576918 0.31922006768334255
0.8813236165228903 0.2705332615556747 0.47606119058612073
0.6389981494847131 0.5201594205630732 0.3382499344243633
0.40171871663259506 0.6749189920209016 0.17496668727523396
0.07042771967844241 0.49597742451303584 0.5143886137867031
0.4678910808415617 0.18833959485906804 0.5917038384597045
0.32621574546256304 0.8077896993904545 0.17984384967086947
0.26908324302000286 0.2750476325215194 1.0976472682065501
0.8685847454495256 0.9541961627561303 0.05900412369827353
0.9222552517496175 0.7203958099899332 0.07650420561152599
0.9073376197960911 0.07194182435519869 0.20377056293933749
0.030752707047697503 0.4548536438779781 0.5552361670240026
0.929846430359244 0.8187132643765743 0.0568150346785254
0.7802810791548941 0.43178031211307666 0.5351249544899551
0.1967060562302032 0.6657342860377521 0.3320518990844897
0.09364790438082116 0.6988639452654124 0.3429635371690312
0.6704168874447899 0.8122583946889371 0.11994318454436523
0.9671252092465954 0.5811424953716194 0.12862303847287052
0.22933861587435522 0.3624615375309248 0.9085535209277888
0.1820159276477522 0.4805053917226333 0.5703074955986249
0.5099598063146168 0.4159577133903314 0.41415673724740887
0.5984383118235482 0.513609123142635 0.3285042944344054
0.3069374928487809 0.7249847846526235 0.23435581230801067
0.2172875415383213 0.29354007650288216 1.1130869648024473
0.4796361952745849 0.4950373035669581 0.33593936933618834
0.3027214593845272 0.4487455837225963 0.5780687038613695
0.9820021748254707 0.7788677538402222 0.050564096192595255
0.9632834196775946 0.3851384757061733 0.3070922926632409
0.5861434773503659 0.9788369160463181 0.12446041514111554
0.3656664245373903 0.10877066814025382 0.8093583238812466
0.713851317269966 0.8635871133058424 0.10251734641202764
0.32841882254747656 0.9463988540505303 0.20369095646757618
0.7009560944832237 0.7611557035147613 0.12497006735270909
0.2366388088481315 0.8088812868765957 0.26343813029755514
0.37003936214720123 0.5378192801656494 0.3555528630384406
0.834691392015512 0.2533007592154052 0.5348098344922056
0.7494973897285103 0.38861782915347076 0.6045873265101656
0.8646888198775071 0.05685837212226785 0.22497036196379344
0.8936724804745358 0.12278413527485921 0.2698068773651207
0.47960582670528595 0.7702991098871437 0.012614188182160008
0.09892706646476968 0.686452175811464 0.34714699957639367
0.9865034855571643 0.9699845624767451 0.03874513493023815
0.48236330840429953 0.3372577054751996 0.5109685340653756
0.5964158921995016 0.9753719864244406 0.12207071933759038
0.982768064917874 0.5914761076855958 0.1105156484720821
0.6776813363780535 0.31688069776859984 0.5977542650367608
0.5841723612196718 0.003138249524050285 0.35005620938288184
0.2382365772304038 0.08443867683824924 1.0224317161792114
0.30242345861007736 0.8572348666619164 0.2132786321132474
0.08482918951632601 0.45115910029842565 0.6014322667183809
0.6159417309561475 0.3561894654458764 0.5192399337148887
0.5793345524391293 0.2364988085071178 0.49217518869938
0.7952111384992233 0.14273547952277366 0.3924944819671187
0.5382102645291174 0.06834400426310294 0.4170641451628364
0.026098843738128097 0.04677204096348364 0.8152489734221348
0.28448538777591925 0.9028248939741524 0.2254564974951825
0.2399920452965124 0.3330785658515838 0.9926235327413602
0.6667861990331738 0.12215575242351528 0.39270228888045466
0.2887108761998358 0.40482220899010113 0.7145934430122286
0.6143679846877886 0.06335879389566557 0.35507691408548575
0.4630459203913404 0.06564677019448872 0.5277695732501677
0.3448985935243525 0.3053836330364499 0.857364676104609
0.1514482728018669 0.8170230526469391 0.2906223928700299
0.1211866347124898 0.6152339862236434 0.38353003806740127
0.15156831010801708 0.7504893817926931 0.3103513452839193
0.8201863176130217 0.45765190096161557 0.4599106117207575
0.5075986990814166 0.17060296295159416 0.5124072242669973
0.7362214852316721 0.7980571828096868 0.10688103450665082
0.09061464529216368 0.3584828797035906 0.8221674129789612
0.541031357696534 0.8656933797797277 0.10445835683846294
0.6267806722988729 0.6107844634672058 0.22538278474414322
0.17531032660648216 0.8959305977660157 0.2644654393092375
0.8201845151653214 0.34583760723663504 0.5995121370600979
0.3328649760028317 0.3807137788457414 0.7084189513841428
0.5404678587656833 0.4091055326252444 0.42262829797715756
0.8341363867737006 0.35602546252683054 0.5767209216485496
0.5634850452763941 0.1518179746529742 0.4443872449767027
0.05659889177053101 0.2108386705049169 0.9650632532121179
0.3313750121381899 0.020721571132501837 0.7420779566850946
0.991250533628329 0.34929185952519903 0.2641631791800518
0.23263156625908943 0.4232234725145032 0.7126496089014505
0.722752509457119 0.9042114650830317 0.09582118699074395
0.6208060525950285 0.970125322276084 0.11618932650612243
0.8090410051069845 0.1276905597703265 0.35801637250014784
0.7357804370604045 0.9621812088482337 0.08737263907216009
0.05767807136852898 0.4577091811228592 0.5698456371181161
0.8646661920462339 0.8203309818153992 0.07073263869699861
0.7291989004669653 0.22027465193017148 0.54529965997864
0.6602484018731359 0.08402169867274245 0.3531355598507968
0.055527571699027 0.3311774729665735 0.8170897604326358
0.7785991750913501 0.6196551389148688 0.20010173092168912
0.0009296827923540585 0.7559546998102034 0.33749197625866606
0.6222726204571087 0.24726159912274392 0.5159857048252601
0.1285063487381406 0.726299843315977 0.3246280099796858
0.47546259405649693 0.26174342680091234 0.5727274623971633
0.11270369733786112 0.4655371309015517 0.5883066735435069
0.9681922200776995 0.5985662869396804 0.11546046872208866
0.07979518561801391 0.7084434319071352 0.34186757576802324
0.3415267361819143 0.5480545670668816 0.3638256039045405
0.4430132865948836 0.04436685887311753 0.5493224839125473
0.9575002518142562 0.8776161495580684 0.04728877439107914
0.03926828268069105 0.44356263239256477 0.579761738543152
0.9402876488197471 0.41736842547095376 0.32884740246528926
0.181774497553299 0.12781132844356236 1.1308145313672906
0.35848437351943585 0.15986128676018307 0.8918527163301518
0.8444519459662104 0.6424442853608768 0.15015002819356665
0.9025811975376988 0.5370932232563003 0.23391384740825408
0.6350986865327354 0.15053232943141104 0.4257732759678324
0.7676187854656892 0.08924698007358833 0.3253271077330448
0.5035871835206022 0.7693150081473958 0.0347225881328955
0.5604136907292898 0.7452947848894599 0.10935239272267988
0.2966886349917359 0.8202384620372966 0.21743138781567722
0.25287817579396954 0.6773104372100709 0.3030883119851248
0.11518320696388962 0.8885817444949736 0.2803171951273621
0.16078958422706235 0.599182121580985 0.3893653767032615
0.7391824653932576 0.7354274568375025 0.12418508154227159
0.7202081715773894 0.23333382525422575 0.5622730526350943
0.13442445672504677 0.4285253073178329 0.6887856790529627
0.12313043214680941 0.28118544554754676 1.0542602434830093
0.30076244643490924 0.47744945043405707 0.5138333105012247
0.9254755565917301 0.8582416794835318 0.054273294295098216
0.08506476596499568 0.9793740849329755 0.2637588866540033
0.18255399474733458 0.2969218449577883 1.0996971214536657
0.6889506170230479 0.7958994719242998 0.11915270158347127
0.6530699996162318 0.8725077502047883 0.11602732058934544
0.5094837436163855 0.25925152911444205 0.525648352550177
0.41855469949458024 0.20534823358732046 0.7227222532059608
0.3146854569634361 0.7026771179731438 0.2411026161828107
0.4977257941856563 0.7756727972928078 0.02636081503074708
0.7489165752896493 0.09552401097658791 0.3417417516568595
0.7301832355760001 0.016841493917474804 0.27199843692781667
0.5860518167924129 0.916234499025837 0.1251271301778722
0.8804127062366798 0.07172939256125455 0.2263632357434226
0.17126063843296158 0.21983421938959835 1.199767856455754
0.842844001769849 0.9118140151660733 0.06688388773128914
0.42740009330665507 0.7121848770566375 0.08822992150587014
0.9781080044623585 0.6277981750708891 0.09258799703637925
0.9208866346435595 0.18404145880258693 0.30921931778345446
0.6549516659418753 0.04957071700773452 0.32739174787838754
0.7060739639627475 0.6596351099144225 0.17632452561296347
0.8205427727255843 0.8995906024143986 0.07265348178071641
0.5266911734587622 0.4614863799973846 0.3646609972608319
0.8883002683706618 0.21641200883659784 0.40325737223006664
0.9297379755533232 0.7150605765574446 0.07586379263910491
0.5853866424002877 0.24673650605845399 0.49801266007936484
0.9413112168864048 0.18925868556172099 0.2828334006792691
0.5687041431207401 0.8936374529156016 0.12249528835697958
0.8266016121010415 0.7916787089567873 0.08455755090288479
0.18249758118702486 0.11416576994802097 1.1046277410565404
0.5090768820057247 0.9638765124668912 0.1423355534851477
0.9700584188114292 0.3947712422155749 0.28798425897946134
0.9767841529681164 0.5101043365151494 0.17970536322773414
0.3918458609037857 0.12348505946494392 0.7535495305309294
0.9887970169739417 0.4122398763147388 0.24228224501458828
0.33795126678189247 0.5046808170603464 0.4277074213888243
0.1301289946592311 0.22432020449380563 1.135371184737527
0.13785998734536253 0.856922395258898 0.28338998748059174
0.9712676498294157 0.3733641783529912 0.2967213836225743
0.5854653521914105 0.9886867990001507 0.12393243221234543
0.24826641861409315 0.4721760370813136 0.5683008713923013
0.8325568296050413 0.46227207107567647 0.43886314133797494
0.9252686133976201 0.8544022420233631 0.054599159099818
0.3435981527851385 0.7912292408041851 0.15102471799235434
0.5476276727947308 0.5668311764156281 0.2612049138912083
0.5543442508728524 0.24486897312569478 0.4966176342117351
0.8272467498446546 0.659322819179965 0.14278331102370623
0.02975965730401331 0.8255139605598578 0.31262982502298853
0.15095291955546908 0.050568213287816355 0.9514952206955468
0.8110762974209972 0.20677798698906857 0.4922709062148314
0.2393890920378574 0.04756194969304317 0.9329264072683401
0.7305841208061177 0.16970688859579597 0.4622959528456078
0.16425700876308424 0.7881034307637692 0.29527551419451864
0.165981725674472 0.8874116179535749 0.26888720975345204
0.1583139234948956 0.5333179727268124 0.4698143710695146
0.9900234716418872 0.8000121746655909 0.046951090812834675
0.8871076411390071 0.6845837876393869 0.10285420635704468
0.5370991372647045 0.1593700205844628 0.4703587067910948
0.6983533083612751 0.6678559826798204 0.17131795213640158
0.7355788602771143 0.06719472050450026 0.312441078880221
0.15328086401618213 0.8068081651161609 0.2929587746809934
0.7811601215763021 0.8348877323361594 0.08890008478711715
0.5160649370694808 0.14845050389983105 0.4893233398394471
0.4344686069785598 0.9215467432054143 0.143892306932716
0.041977197826133295 0.26922311813572997 0.8838338135157363
0.7751062880054949 0.29977996257260375 0.6314762115969539
0.41928278260286433 0.7002523425575893 0.11596419599755507
0.7470875314879437 0.4891964544881946 0.4299352306112778
0.47258700840568324 0.23951390602389266 0.58441568930839
0.8552482347102682 0.5906273484166414 0.2010728362131091
0.1151844897134614 0.13546290090429958 1.0626351010204154
0.5412646046777102 0.2641228653258736 0.5030842198443345
0.7787748341914137 0.6873865911576442 0.1382289308406163
0.46466449059031467 0.4338551036335282 0.41353853505957533
0.7496184478011688 0.8085277801028792 0.10131160161058911
0.7864108996436562 0.5148638462687104 0.3691074228532161
0.8266824324071322 0.8339152473989738 0.07784903050256774
0.4505916858701735 0.110581699173253 0.5882913454564915
0.725037222428745 0.480166857097557 0.4452693030837554
0.12896389305473532 0.8450352698082464 0.28857680857758516
0.6660443567445903 0.6022041274207077 0.23569508699118502
0.4318539386369029 0.13395302730449243 0.6523887725905843
0.10103880235549423 0.6973502257401931 0.34207521116805284
0.9991063976581175 0.45056651478455645 0.19934746828886032
0.2948270922281643 0.03194496595846197 0.8266805159867221
0.6720657881457086 0.2797642549197661 0.5792781624626561
0.5554955605326519 0.7812443326584526 0.09087926026028839
0.716993033677714 0.9125735533026318 0.09648609999104978
0.8403507495383891 0.13671251251861982 0.3457731658864249
0.5584002549485848 0.3823341546723935 0.4542739949124485
0.962754041188711 0.1956276621596612 0.2549220609294008
0.2681426597523091 0.08970939805177347 0.9979078184657364
0.5645855471826002 0.9350482218453923 0.12927778532980744
0.6957538942598047 0.11908905214742471 0.38651339665926054
0.7566447358967878 0.06199830927055072 0.2977937189725517
0.1776859433183403 0.8876618539702991 0.2658059214874795
0.004449230617297628 0.3188434763360395 0.735840170891568
0.7226515000473569 0.4553265881850366 0.4921480434491657
0.7321496688824628 0.9962080330177967 0.08551734951949344
0.5161883454908816 0.26340774836332814 0.5185889907538964
0.6986460163476833 0.05279018663944102 0.31261840911465033
0.5198865992160541 0.02331095339241429 0.4186229148797147
0.6096668797118608 0.1785553218333995 0.4530347659273031
0.42866428533309375 0.7056084498003102 0.09896425281869725
0.07623083459831503 0.589593069998751 0.4083701577678935
0.251023904740326 0.8327985775873453 0.2510495726583165
0.11599879201951158 0.47322763424058345 0.5737119608201487
0.9690948420492199 0.8459411472423635 0.047220708377363946
0.7550363806870973 0.8981312284311057 0.08824716599556827
0.9055497888235221 0.6103494679747307 0.14691514357789556
0.2373076947328162 0.7551648387730264 0.2778625998034191
0.8870067265736881 0.5652552280192624 0.2107513188181836
0.9247026368677801 0.03235194541181996 0.1634648217330142
0.34238704439008105 0.4788931694923282 0.4683193476264445
0.3644759607185577 0.25747892573017594 0.8698204882665022
0.03590666313045299 0.4471089193897354 0.571239010995517
0.07291868680482083 0.39950378101558326 0.7006127987968717
0.25508589829232553 0.33982294547892955 0.956957849332961
0.3306438110955171 0.4127695053460738 0.6300520152280481
0.8862532614689679 0.43711509304828877 0.405262382458983
0.9761683065362778 0.275062143151936 0.2854311800497432
0.3564887655294545 0.737317225266915 0.1527985810480298
0.9373481757695735 0.7159183264464073 0.07330214750787967
0.957739513533265 0.15233735130359105 0.22320451177006173
0.2820193941010627 0.5202525283802991 0.4461607261216646
0.9320287274142524 0.9135026749984283 0.04969933128016513
0.0797323282131085 0.031973651800668135 0.8597417642491778
0.004526781957512771 0.39314917600467236 0.6249579376019078
0.0329488293496949 0.41473923380737376 0.6228907653135723
0.6892086626624957 0.35956231397884986 0.5971621966642376
0.2505605738041695 0.8372351557788454 0.2505311896817749
0.5078774919707809 0.3601133507191342 0.47099994942029566
0.5388081402818723 0.5789922261321929 0.2503561615186191
0.5201853803970355 0.900261119183802 0.11910925943201403
0.7439880972701506 0.950437477545453 0.08634595142962041
0.2470674423747704 0.5758231694178886 0.386015804282914
0.2673012547748964 0.020869878087192317 0.8426664394979676
0.5858213751954277 0.8411402984305016 0.11529331307307139
0.007739402446327093 0.24867348841498305 0.8213216871985877
0.1456183601847334 0.5460114729307236 0.45206083795453633
0.6103930985063225 0.9163260890622462 0.12157280974428228
0.6738325968742286 0.048823208666615936 0.3190960654823655
0.030095588459171596 0.37823268116620934 0.6841422953225804
0.8506500995826585 0.5678034600054349 0.23575304923673784
0.8299825548158216 0.32419875690781164 0.5899406543283865
0.2992322241987443 0.002575175147739972 0.7634750698014167
0.5887851959661055 0.8065098194882885 0.11417714156474909
0.15285064115683633 0.6375977236035703 0.36137663332824965
0.25940280497814017 0.7548523570221213 0.26460086122865895
0.642764091867335 0.9812064216368912 0.1094543916741058
0.41592786057837283 0.7600075889008872 0.03571525955177349
0.6118940404480451 0.22128506952577454 0.4910975860664743
0.7216503700003931 0.03262684838378438 0.2869033141466438
0.6417478317707375 0.7372301273534114 0.1422060807923592
0.31842503622927143 0.6901243023949035 0.2470585629352651
0.004160464188104895 0.4363965741025163 0.5613537852277011
0.1576244993167748 0.3472442064765179 0.9430499126323677
0.9831384598505385 0.3189643150769761 0.28233297335699997
0.010032389937558617 0.9686343225717604 0.2770106928706907
0.5260300779079543 0.1338876230980327 0.4682149687728289
0.4982408347195354 0.41549092687881084 0.41760526477398974
0.6259611392309699 0.38182408776351806 0.5114960981416321
0.11479018121295514 0.1771183680854389 1.1015915383331643
0.5914268904322093 0.029378914679788037 0.3527493167234835
0.3809400225578816 0.8067185943981693 0.08590003111564637
0.9360199673121414 0.33691666318373126 0.3828702774109396
0.8376976842181595 0.7106982974667587 0.10683114999382157
0.36683982828101214 0.6397644730139531 0.2521391512072514
0.7588655291550759 0.9797597089342561 0.08051379951304924
0.34675968565844895 0.6497726353671264 0.25795688088702656
0.8479885770103792 0.5927156352999834 0.20288666102271607
0.043473227372204826 0.930774467535502 0.2822878722624929
0.7743311453272174 0.6011001910707887 0.22521811413294018
0.2095442787256282 0.23287709050015037 1.2107291189374416
0.7109145783180123 0.14332628640137213 0.4203172111247185
0.520954893565402 0.8653637000958693 0.09449094281097868
0.7154084390146273 0.04086527343769231 0.2960090080290893
0.9869142518144188 0.16895168847921438 0.19875457001622465
0.18933012653344394 0.2110312306708645 1.215663915637649
0.733900058532719 0.6338636916319501 0.19512913015320113
0.8232619219721459 0.2612348998623105 0.558754326053921
0.47676672943988474 0.7466172296523375 0.029156822433466956
0.0832392507872004 0.7677297661131228 0.32069485683872084
0.36758821543052944 0.542979420457265 0.3512762290765892
0.383455862962066 0.28348204226422435 0.7819530680817202
0.6530584248261437 0.4347162808085986 0.47811656814306575
0.988101200838831 0.9528462904795009 0.03914884863362378
0.11733185466816198 0.6349870176681489 0.3705954020399256
0.1669568357081439 0.32815365670837604 1.0064591571933257
0.21738831444230355 0.7695467379041695 0.28273678209470565
0.1057008847072195 0.5301009211696737 0.4732520524155105
0.5025732885565929 0.7166065673979091 0.08530759052780587
0.9878138540394137 0.5157659168034708 0.16225669295025122
0.9062210632683957 0.10169526057286005 0.23273466925311087
0.9689886212516791 0.5778529183195849 0.12970437256853293
0.7260797022953784 0.24258231886892834 0.5765048894334451
0.4583825989932675 0.6433493102180189 0.19268094741098943
0.7040733464379102 0.3728641041433207 0.6000045759479348
0.45987142622718535 0.5675249225400368 0.27472415096504404
0.22489072110562647 0.308233825051882 1.0732537728559666
0.806487865449846 0.28406200014413874 0.5994805357984184
0.22712181619686123 0.02550218406842153 0.8914941163934746
0.226610823898715 0.3957679888755663 0.8019843033408524
0.9399104686252636 0.6472868727519056 0.10093443070291047
0.5324165121438366 0.6120935818164297 0.2212636178093538
0.5749547139851408 0.7589078577455206 0.11425699919571092
0.8066656960696705 0.28892131514182406 0.6030661563031935
0.6466147886663693 0.23415103939555415 0.5214410747957439
0.391653960014421 0.17396287620219042 0.796744101248986
0.04556956424731451 0.7467264285173346 0.33428337947639625
0.516173711220751 0.19712662368163447 0.5111481100773518
0.8792419380413394 0.9866554612241685 0.05526048423128184
0.03978223488513288 0.19854907737230398 0.924551387695831
0.014319210857573816 0.676168037999782 0.364604227805847
0.2700895229284658 0.9304753790228196 0.22845441462700017
0.7172431166806754 0.01642687510524865 0.2780514760406059
0.16569786369329953 0.7162725056220648 0.31855990569110143
0.2549832699774479 0.8518220430700839 0.24586149411417157
0.25229973932298944 0.8511111948223311 0.2473500733433759
0.7370938634622107 0.09797772891272816 0.34921434877949875
0.7711037537044235 0.774661481800177 0.10298814181953196
0.42590362767626955 0.8077961550893719 0.02355959054963258
0.6079555998986208 0.7378402772818604 0.1387647713571429
0.6437677969572151 0.03427007052227593 0.3233826469071292
0.34658032724286003 0.2222480629018706 0.9503506835225741
0.2112861707841197 0.49548204095640624 0.5312608643074572
0.4055286821434897 0.6908638495051409 0.1451817270411538
0.9412601069391919 0.6842667827779347 0.0827973802751914
0.28002882022139197 0.29722013159222116 1.0319940472818643
0.8306279453408888 0.9861109694964972 0.06457504308289462
0.6330777684365931 0.1675780926494551 0.4443579716607582
0.3248649269036886 0.7177860128373337 0.21744883421446767
0.8356713207164244 0.06410931486893268 0.25344056630820216
0.683583266756017 0.04846532522843616 0.3149552844992869
0.9009788443006889 0.37398840395977717 0.44477018856873
0.3873804424018473 0.10406477863356856 0.7430447383739645
0.8349365338060634 0.5339220398693367 0.3028376631718622
0.5413584647366725 0.4672008613354516 0.3608917705746293
0.69264012898605 0.40882710120254306 0.5503309634062286
0.7933525772955998 0.1989250911202296 0.4928677512468861
0.9742697154891122 0.9404983719124964 0.04165343704323481
0.5828928838621922 0.43414610334746884 0.41738339248559403
0.2587706045806183 0.7783054827320468 0.2578354365959323
0.5931462887286234 0.8225658231894398 0.11622382693070589
0.033760528657204913 0.765349795846145 0.330096532691403
0.48613960167732106 0.41689866490886884 0.4210798595017384
0.043093607439800174 0.37928155377621897 0.7014371538565083
0.6358648172021311 0.8041204791955724 0.12488672643349946
0.15998211992933664 0.9859652450893018 0.24744913135632413
0.3297244306428959 0.5391334738656831 0.38357242903966704
0.5166207056771426 0.9538031037334582 0.13933805321574128
0.787188766454147 0.13755533179174773 0.38864429112312626
0.9540062300632014 0.8174671036594314 0.05216389906616574
0.7928616120965547 0.7355112589959327 0.10948549520579197
0.6739032806674895 0.2421581913480796 0.5485979971504134
0.2082487903134117 0.8570926799314029 0.2640022306258733
0.6915717670445986 0.6686346973673968 0.17191068730967488
0.6732171868621902 0.8760909871311398 0.11128503693856678
0.578419513129675 0.8721159834822788 0.1189746046112907
0.3328952440691263 0.8023065904030617 0.16918555776453786
0.6658919582902544 0.029126049403497722 0.30979433338262374
0.9154383011157078 0.4309469801478699 0.3615520132152385
0.8472203614801044 0.9740048030765608 0.06199765568795736
0.3422933006015997 0.7903663894407779 0.1533740829140459
0.42821228705929926 0.4644474091132119 0.4026951676206815
0.14341370759708838 0.5908759827062252 0.40045845616938625
0.07246984670265089 0.8526024764248914 0.2981287769517145
0.4960397087560474 0.5815930730846156 0.2522548813009829
0.2020458028441442 0.2613491099806643 1.177800402717967
0.5825612071608536 0.48019800133146906 0.3621812260904341
0.9624702483036769 0.6155181612882483 0.1079906841896185
0.5788061077186766 0.8722433387154171 0.11906828198957603
0.6108691640587403 0.2810538166900921 0.5245584177480662
0.8939007190694218 0.19456608241655615 0.3649941510771456
0.8861678088207221 0.8129706583813415 0.06681143170863595
0.1969663768079153 0.3750645548585356 0.8757434414243689
0.016845851288736613 0.7592301915357524 0.3344481932182967
0.5752021369765461 0.6079126242813073 0.22568472741604995
0.6683577257314828 0.4753542144731645 0.4264784035689755
0.40277846481734014 0.8511223181974127 0.09174460425488325
0.18040605488682493 0.7596456064294675 0.2990575470167598
0.14423743857767213 0.8589005254493337 0.2813615296058732
0.6157612271025149 0.6843849413520772 0.16854870749725676
0.24296355869344455 0.08045242488647508 1.008397567312109
0.7229322645922828 0.6754757498270564 0.16087579416288464
0.7134314381854244 0.3536181901933425 0.6204092521155679
0.2940713209007362 0.0029622187434171776 0.7716279278108542
0.9467288278118733 0.6696090503405027 0.08682577061632571
0.8718921431663731 0.6931571092307123 0.10398804475940765
0.03258749692957574 0.5762514596259721 0.41906773442691153
0.3233986006905054 0.9253800363752815 0.205550727849933
0.33282373313692526 0.647329002596835 0.27154165438743294
0.034550242086751615 0.38013269524368987 0.6872272321788551
0.5230451233184077 0.2014082642905266 0.5046230178549402
0.8446157153448548 0.6188776902876316 0.17353309518152557
0.0521908096648207 0.611211249091778 0.3941205573487824
0.6168505253896086 0.1381067322441243 0.4141099861152767
0.36207865236259895 0.6353472376465092 0.26056019650391066
0.8577134967786211 0.584404137104993 0.20757825858528678
0.7912113636436608 0.08427101681777227 0.3063284741834942
0.17699768658204484 0.05672172769936823 0.9754720279130189
0.5460899428349045 0.11169015128148985 0.4329007896085077
0.4064115823016722 0.5317760951805803 0.3367576586223929
0.8109640549422874 0.6843506753776024 0.1302418956515468
0.5287388701014548 0.15752952042854695 0.478281661573854
0.7276838865076592 0.7143467108311856 0.13645338118334377
0.2679694055469374 0.754113743798933 0.25853264132673687
0.7510286905150924 0.709264511080467 0.133028477036432
0.870911123396387 0.5746503255335638 0.21116602907109036
0.5465941713966405 0.7687216801685506 0.08472386186009076
0.8139328964818368 0.34330008276929014 0.607518427519816
0.23747746549031434 0.9259072698779076 0.24024416897585693
0.4631807750299193 0.015902277057264436 0.49432929084253274
0.9138326005416124 0.6768289369258881 0.09651513667527423
0.10804240742541782 0.6080384756318138 0.39093202964086854
0.9203422193947056 0.8463478770795954 0.056186118697219754
0.5584887180241805 0.5038368682208546 0.3253952537052196
0.9223222110813839 0.6490992863554259 0.10823060669475403
0.9779264894285438 0.5543580930989493 0.14062246087704194
0.48505265513783735 0.6004961200201933 0.23693821736692539
0.35888738403251197 0.6626236215990824 0.23339619703261624
0.5882142711208154 0.9104155562840865 0.12452586213187604
0.4529003628956152 0.7962384367394452 0.0035618002475137633
0.12526013819089576 0.31774571196830925 0.9803377306555702
0.4881217372118968 0.8312158838755901 0.04212330257124747
0.8162982349157553 0.8828820141170921 0.07504345848484684
0.9115907731592368 0.41584509923811863 0.38598333643649063
0.05983220980686754 0.5072370608655429 0.49450573607195764
0.03887950836363385 0.810304325460901 0.31567185424641897
0.46458245802817266 0.4844940220195638 0.35340411191353127
0.38279740172343624 0.11079352462798486 0.764199349606165
0.7591382236169169 0.7542472159637266 0.11210740268719285
0.3380044986223565 0.725038714586834 0.19327131785901686
0.5119150721807776 0.21231778532734902 0.5207551837007733
0.46152090078950303 0.8983153071875287 0.11574979652421502
0.360036267796888 0.6698103038273817 0.22393839438608049
0.11941625731010186 0.8851843242252702 0.28028311248724486
0.059925657815257605 0.7638635625885353 0.32629031849850554
0.4332204999568249 0.46548692488661014 0.39700723013761907
0.5524055628865276 0.8877506574024132 0.11857859191606665
0.3530211881226939 0.40408816250911017 0.6135683446820187
0.43542378767454304 0.6828485509440335 0.13625894812674208
0.13482403043867486 0.7928656384412639 0.30161698274103893
0.36715065810537384 0.5536267994145223 0.3395773012321252
0.8358255642132175 0.6467433775582756 0.15002649057046596
0.2125146908231701 0.4628891068576335 0.6084942203369487
0.17305326822524214 0.40502400120067983 0.7757155592657301
0.5080547656270106 0.5695456121233143 0.26085861407979044
0.9527943651823124 0.2997824985472667 0.3426243035622635
0.9613114845662241 0.6682883344300629 0.08162296910828332
0.04681809349240362 0.46488653985032624 0.5506449553863692
0.7648387486471947 0.9695530174561647 0.079901154192196
0.11002820255041768 0.493797592803744 0.5319178423491799
0.690154809479205 0.7707314071385029 0.12475599259032097
0.573873012134886 0.9997339810524192 0.12613890078115556
0.7177843393538447 0.6420658697492571 0.18979995685633136
0.10102802697921731 0.4372152517871213 0.6435483517505194
0.49061318742802107 0.8377552125626686 0.050364862962854556
0.3071736700091795 0.052232623888769036 0.8469539880210966
0.5077950063904677 0.38869735834401453 0.4433798229049717
0.6946579683458631 0.5036000262650644 0.39078780586446565
0.6549378085995271 0.6675283442732086 0.1776815448335036
0.3440687072588037 0.06951996261251125 0.8015860339690758
0.04802873271665531 0.33409827856230645 0.7966779484292384
0.722730607527213 0.0334929035552225 0.2870640755953943
0.971768730068856 0.9881280791462697 0.04017786000905298
0.5757058521469282 0.9066576380225206 0.12497816529493963
0.6921881734982355 0.8648346340281636 0.10789920443738472
0.013628151645158737 0.15288481804010767 0.8582914182648749
0.8024851885064359 0.8700779177465988 0.07948553724954562
0.12445685629867653 0.40985063536007516 0.7311988250448099
0.020331882986913352 0.6730668990388863 0.36523225936121995
0.5699100575041901 0.13883881491593442 0.43145742840984824
0.8248556893491689 0.6249850481224128 0.17628107164497636
0.7649804970653356 0.03159745865225394 0.2652414773894454
0.3261358839000369 0.5780905133597143 0.34027490435407554
0.6501220931826088 0.21953036786344915 0.5086395811003561
0.9592747096958048 0.5214071964507039 0.18924245285588076
0.39992713703621385 0.6475007399801451 0.2169067928386518
0.145117256212851 0.6316186357706653 0.36716676399254017
0.019461673240875776 0.5870973324115677 0.41098338461344264
0.049589895262552086 0.8307416269724297 0.30810849315555383
0.40734452181128655 0.5837468283856116 0.28413888627023515
0.7336199363044955 0.070984173417174 0.31733916883579255
0.5135342929950051 0.0389659293751653 0.4329516319000289
0.30595373611836696 0.6069200251879714 0.32453797451547095
0.38794760461532785 0.5293178450863679 0.3524579894683689
0.6503440976765825 0.2752938332115662 0.5565883898271864
0.1001341558893929 0.3839943763002006 0.7726726269573325
0.5833135389067099 0.6831383252223657 0.16528804886746767
0.646549373694597 0.844198742656175 0.11957744148739113
0.39512571684675146 0.39698058750765863 0.5551236187233958
0.9803695055432942 0.28496618825720665 0.28098671062651925
0.825988352700679 0.13804947634178288 0.3611272659956847
0.23230158992488203 0.8836206491278517 0.25011146105002213
0.6795972444351789 0.34966848524954475 0.5931659124291332
0.6988667539164001 0.6247384720506046 0.20983590905116795
0.3139681051353005 0.33660205652763764 0.8635079572547615
0.33850023954032504 0.18698016360519953 0.9733135286613023
0.66265705335995 0.258206539087527 0.5553309747199644
0.9319166632745318 0.5546898625854182 0.18278454672465588
0.42119982540631873 0.37105249444898325 0.5560332359706309
0.20948950212643036 0.4387824588231274 0.6755479020532886
0.3518321358602967 0.529025522442558 0.3803192379447254
0.8203051620992297 0.7079481272423411 0.11364123500384855
0.43399108798634123 0.8382752605354915 0.04830213712331635
0.04514802566358189 0.8884152875083908 0.2930390236094265
0.3920722873562904 0.17264081756665117 0.7947117256782537
0.4889874238153554 0.8914470503673103 0.10813704995607781
0.9209759378772502 0.01360186101130545 0.1568997665065519
0.6906644606577528 0.8171779482701675 0.11483926536419849
0.8245837498995257 0.1305926237954501 0.3503985329891204
0.6074344647250033 0.04300396681996377 0.3478696041258653
0.7957738387160256 0.06899798474949914 0.28503821693962905
0.6683900796184394 0.19925196602503614 0.49358687098299553
0.7688941188624518 0.006000575749206538 0.24533881489281284
0.23934515522589472 0.6301995684347826 0.3388760104220457
0.027189267572796716 0.06576464717403452 0.8311959318921963
0.0020730599320872845 0.42827121162950055 0.5708723569293209
0.8040201047156915 0.9679706978480161 0.07127188417236886
0.25436874946512467 0.19114042333284398 1.1797023338093144
0.4818848329844527 0.9804416226765081 0.15063119197795816
0.0858696965066933 0.2638933781988718 0.9988576331558756
0.8326114109213768 0.899483122083563 0.07000379081748553
0.8389749716387799 0.6044352169352625 0.19323333086330968
0.7985426172325609 0.7407701108200748 0.1059093527309089
0.5415161798907997 0.5813112389298983 0.2482833301989203
0.7790969666701605 0.0022799370005381903 0.23759867876965313
0.8265126655573228 0.42926521620817804 0.5035146598512384
0.7618568832113188 0.7189392692421978 0.12527935451832078
0.7339287884171934 0.2067622291000898 0.524434561876866
0.09600207741740352 0.945995710521847 0.26983573574105063
0.342307216046438 0.9440340576151106 0.19742483842630135
0.8502576376648102 0.5991375205525031 0.19340602901539772
0.8804089220786422 0.87844326374867 0.06158638138458265
0.1998560968764519 0.5721603249210058 0.4079190979131611
0.4718723903610329 0.8034299885868902 0.010433024339708635
0.25858350948007414 0.22518461245478383 1.1738107640117905
0.7670982308036909 0.21899914172198331 0.5403820656492919
0.502616843952385 0.5438478018606098 0.28415082798821595
0.3255548292331435 0.42846685806307405 0.598647281357192
0.28430138518755854 0.02071203153792156 0.8197151094522316
0.42055045602603414 0.21517845969370142 0.7166996805203333
0.1730840619538081 0.8483944117791005 0.27663274945112265
0.24745662863698115 0.21150519176129357 1.1935009892539417
0.17483353596943818 0.7589242809427792 0.30099835181500934
0.6904714904923996 0.5782347134219679 0.26723917174393125
0.7250466248460395 0.667050025555183 0.16672348532344633
0.5871745425968509 0.14887600181834837 0.4307109562741285
0.446460962385237 0.727253436340038 0.052250550543870955
0.271962637272088 0.6846942745646436 0.2882208696484359
0.6084671285732024 0.5444824610158591 0.2942678590779014
0.09136321950753667 0.24209021337393477 1.036045192369099
0.08394301090934897 0.7732054517682818 0.3188440975257569
0.830974786179113 0.15455253511342393 0.38370390963872647
0.2526898910714048 0.5349317938885775 0.43926543142600083
0.5235310702574145 0.44038790211447976 0.38717764655690773
0.2937696006164765 0.7110471788928765 0.25633770499162606
0.20430467226394378 0.8634178034484434 0.26383351956480583
0.9824186313473886 0.8614681616593237 0.04404830688093874
0.8310961765184248 0.6402921999295321 0.1579563189049675
0.9785480459694346 0.187600635354909 0.22430342707759626
0.6549758415575742 0.5655558712201952 0.27963954937576674
0.2900359138932994 0.519316698490276 0.4421930463989483
0.3045160355805362 0.2522408279809052 1.0532203073482358
0.7649342614760454 0.8383554220140876 0.09255124808079558
0.6670936806363054 0.1702293739570665 0.4545127238977083
0.6156007658220876 0.2699182108159883 0.5241064470578896
0.33123964858769284 0.5443436329493242 0.3757110876601308
0.23975626486561996 0.42969214920473087 0.6890282050869665
0.10256625245658046 0.4887207715080135 0.5385933611867127
0.46092581180587133 0.3425621271493745 0.53207788088072
0.4254541873907275 0.5348977499414067 0.32156266873741596
0.4713152299641036 0.8307758661800265 0.03375424638222865
0.25415805867662034 0.40724666609798144 0.7463206765013336
0.9742767462678424 0.239468293642506 0.26942915688755736
0.02299937179329603 0.25042002736694413 0.8562105520220925
0.372016937964767 0.052466805386936155 0.7093532284329029
0.4156493244490247 0.5651281769876295 0.29749174338370776
0.6735427947660524 0.1835079403588642 0.47436927362506837
0.5974226276118045 0.4693672489085805 0.38444829432211564
0.63636955575706 0.9111517879238228 0.11667129088758409
0.8500752960212193 0.3486599346332151 0.5555004087842189
0.5460143395300081 0.6700400639181646 0.16649996597248795
0.23765818067443922 0.18436039695502016 1.1960608287542769
0.026945404449322363 0.21917488181838163 0.8862974484359475
0.29996131228002965 0.23490669377771412 1.0809206387663786
0.7442390912510211 0.7973345031187675 0.10491243804855525
0.33743194371633356 0.37359289485364666 0.7176395968737966
0.9946459735769518 0.11090066243577601 0.15221076348145213
0.44890599880520954 0.6908533738689228 0.11602604514790188
0.6703057479745257 0.2601447616700274 0.563234600752104
0.9107152253418467 0.9943590011455711 0.04941023022080581
0.7866601673363545 0.45337847819446575 0.4923224810999498
0.06033564062462882 0.27256999660067893 0.9249010615992614
0.18497012539953883 0.36325030996933416 0.9112295668755297
0.25680886415280235 0.44157759604881175 0.6425475150552642
0.7136047901236764 0.3896236177274064 0.5898619070856073
0.5623643703078478 0.3837386619360661 0.4550540260109615
0.931802412157537 0.9325569902165672 0.04877450220427315
0.23947798255699937 0.7277887612526818 0.2865272124874211
0.588051358816526 0.6636260566954066 0.180811045421775
0.03277759977341488 0.566062166962862 0.42710883949689743
0.5271683725292906 0.8348370474937483 0.07590325042834584
0.4378395315517931 0.06049480767789028 0.5734439865798258
0.46228886633697097 0.5776530715634233 0.2646873259047318
0.5918940607336245 0.10504154034878632 0.3948848830951884
0.6786529740721148 0.7760373173383508 0.1257860314796885
0.676058135988043 0.9048836516139078 0.10776267745069766
0.1794663734594376 0.8589598493286521 0.2722443187660783
0.6329845812050789 0.11440796330606784 0.3885010810281354
0.08849745127426711 0.983404112511216 0.2622139493658256
0.6471643844715776 0.19152003217645597 0.4753347797278101
0.6914729366422289 0.6616764266429513 0.17714339329360956
0.41889408674763406 0.010187578503964567 0.564979330141758
0.693459584783137 0.8325308106160184 0.11178201482687204
0.1952996877427312 0.5190459293902132 0.48858637891064943
0.9674242635471626 0.2755324623397919 0.30299861234983916
0.10969762040922004 0.21952451205928403 1.0941695239273947
0.8724012203795597 0.9057717669023587 0.06124355017878164
0.2504573191678331 0.5408027186766848 0.43120190800369734
0.5732171128161602 0.4484994664733366 0.3947291991601987
0.6394524481688979 0.4789730127260038 0.40046080359936126
0.7479143556682384 0.10009235092813318 0.3483718154957527
0.7995937269712224 0.7524072128506989 0.10165192151054485
0.4266432495569268 0.21460727402224378 0.699204766416059
0.7519320734121421 0.13333121998657294 0.3973184126956242
0.6765563474966519 0.4996620795139637 0.38966031048577987
0.7465142060914309 0.35697623141242185 0.6325709194412141
0.7954811114157931 0.16306164702007064 0.4277143284594184
0.8905907117005597 0.9636150047879232 0.05440244279929537
0.8725408562952505 0.022939333414105922 0.19360153654051093
0.9923229679205071 0.8276578493692666 0.04445152791507683
0.23734911194437835 0.4905924454327809 0.5314795476205847
0.667013035222809 0.2988993245493152 0.583472429111909
0.004027126136695203 0.9640589112097329 0.27880725287103253
0.9099196372648912 0.7534513286706835 0.07132044835527535
0.2783249209885805 0.582143765046156 0.3637750556288243
0.3088249138182366 0.9577823287686205 0.21087062572500945
0.27271811146015856 0.46662501169874493 0.5639904760075172
0.4879151915356861 0.7377163097466856 0.04650981261731474
0.13359687505601336 0.35655780038508333 0.8899450635244789
0.6906885521517077 0.13659742503198902 0.4107754518156531
0.677384146925754 0.0662689632864929 0.3318466347210766
0.7159502622327747 0.3890218983743856 0.5920025988833189
0.7733228972746718 0.8917138867895679 0.08436284027758695
0.8296254932868826 0.001145528300609655 0.207820968187433
0.9880235895194762 0.44245411456057515 0.2223695736153632
0.40207167690055956 0.33746642842457886 0.6504681976347378
0.9463585055357681 0.6460349313491471 0.0985708813995572
0.5116261594082019 0.034373170339755066 0.4333859130997077
0.8106987528193256 0.3742829939684639 0.592170640813499
0.7814346350508431 0.4350408209053157 0.5288619114419773
0.45036231927362447 0.7979497455236617 0.004595689729469304
0.1340208104114805 0.3468840006274295 0.9175042760715366
0.8612698289932672 0.7807253667066221 0.07795540561891261
0.24944075237248275 0.03560792141334723 0.8954154703125974
0.22172704497772677 0.23674137073688217 1.2042236980228325
0.8023594218561052 0.7591189954880271 0.09883664695630069
0.8278477016415308 0.16651459115598666 0.4069499754091613
0.7990040019410454 0.37781547512457847 0.5993733906668121
0.211675265097522 0.1598609535554666 1.186762193635791
0.5562936543917112 0.3837818936467843 0.4520576677204438
0.2686807543812182 0.24379110639315837 1.1427557476991532
0.41519571294477187 0.5182232847755465 0.3457998545040214
0.5450698609627418 0.23764941033028952 0.4980951571630844
0.24594904663022077 0.9285770361519228 0.23704532227128824
0.3803874941486922 0.7708756457640328 0.08600405102904812
0.5943845662881186 0.7708232771529349 0.12204809382975483
0.6777124894011526 0.4992370075355409 0.3909770387124999
0.48669795028592433 0.5969164587207461 0.24004626144731153
0.5752028462928919 0.21169746780310295 0.4789178237307937
0.695873890332106 0.15932174857439396 0.4441538508105359
0.44029916548273496 0.630604333796778 0.21628152783668728
0.8471989875729375 0.8975814174598961 0.067015950237933
0.49532604531641267 0.5464439775304124 0.28316048032489016
0.4829677118290078 0.5151614723046335 0.31485435890890057
0.7493139693914795 0.06172204646060708 0.3008295962568803
0.489601912503562 0.2847306066712786 0.540855071623693
0.7348679268606898 0.02084889774791443 0.27232202433734193
0.9100990807623238 0.5367472106296615 0.22641582405549482
0.8744977117242818 0.9601962396608941 0.0575464161178835
0.6553973197041977 0.8856913919921026 0.11443320025382195
0.8915616921997209 0.8637759375851555 0.06048083931725194
0.36831221655797475 0.6885628127306577 0.1913589198032039
0.6760571738986615 0.3411538603401837 0.5929200273554831
0.6981825796730506 0.033698665433210206 0.2980893645298352
0.23149352345889984 0.1409571915455602 1.1478835024958685
0.1380114435936648 0.03302379531335109 0.9092374427885351
0.5168264368245854 0.6187512943254078 0.21531146530966178
0.3758488623869565 0.2820045361272798 0.8063447057011781
0.32829343628138097 0.18461693282492742 1.003369080502924
0.9464930506158464 0.6348183130447028 0.10491979503969504
0.7914119778303073 0.6589491177375638 0.15578031619044258
0.12582846459949548 0.2656034768734007 1.085193761391673
0.6060096387783106 0.9241949377813602 0.12222416294582264
0.6273253475507209 0.7683377862048227 0.13168026729705207
0.5876493209682266 0.978862526328873 0.12407336982113258
0.29488388558293166 0.8816098216900604 0.22019387406066676
0.5279080073828697 0.4287294695032293 0.40002181267693737
0.8020006041214434 0.8030050655562406 0.08868879254778309
0.1807554089504101 0.6823124720198668 0.32864435518160323
0.8177012012888601 0.9341272875073015 0.07065910020587352
0.0833334189867041 0.5540678292943738 0.4417694953280719
0.15198251930089668 0.0830311692782345 1.0201707187556464
0.0374351550277674 0.42789807286664927 0.6046812287504232
0.2842870122040999 0.27655795187839216 1.0654394769558497
0.5708716155965705 0.5342264263963133 0.29576223223145925
0.475846026571358 0.8831638476591874 0.09852071087438173
0.8028798501017468 0.4575655502898802 0.47441681071440805
0.8267660577365646 0.14648691219404164 0.37424150143876755
0.9885728199778097 0.8667114884704518 0.04277926812646294
0.9368431814583645 0.7937378079560465 0.058166513727884415
0.046886977473631686 0.3217777337428652 0.8167252540497493
0.9356952100846523 0.0007225026855233185 0.14295486950670977
0.7223567967212232 0.9536641470636543 0.09139838495250782
0.7324466983515423 0.48282772226941306 0.4415462444725434
0.6848601817505509 0.6307322061929741 0.20500513885633972
0.015454247484960382 0.15142776650739465 0.8617924664420211
0.2528967852441484 0.2315937729763431 1.1786416687420596
0.34950599746821065 0.6200892903518955 0.28483516048629254
0.7192397490515393 0.3215323693192661 0.6318386772866721
0.007010454127409416 0.8217707821281363 0.31673151163049806
0.6963578115274655 0.09598902828246658 0.35729573459701225
0.598253466532752 0.06243861633573278 0.36367023019585937
0.42461780736779786 0.5251594681995314 0.33212552084673985
0.24607658888389627 0.2204179093292853 1.1933158612299046
0.3619144706834746 0.47467903629203057 0.4547775143175651
0.680848912175711 0.4748640120213463 0.4353926192336902
0.9674310099737626 0.9298704301488507 0.04313874041630448
0.8726555860452064 0.5047585561115888 0.3168408146773616
0.5932508864729577 0.5054088222952108 0.33640766847931114
0.001436852933462629 0.535681295953746 0.4485717627760382
0.19347609015914258 0.6340096910395119 0.35266411276527804
0.34455649598236116 0.8049459765906996 0.15005056203121542
0.6532579387592162 0.8441637445588422 0.11861027983574272
0.5588710731558875 0.3014920856690845 0.49850099252266866
0.41674360273809574 0.9615440854601005 0.16802950609268763
0.17046338479485157 0.669946275430124 0.33784032063997704
0.2450554920867304 0.139712321086375 1.132535968678608
0.12834790283737696 0.32399388717651434 0.9699454227873571
0.8437006100664287 0.33932845766752917 0.5685641475138301
0.8037003241810936 0.13777860371834627 0.378370188367727
0.4135697433246135 0.17751337380342214 0.7309433834479859
0.6897855984625647 0.9178343114262755 0.1030049665000092
0.380578002037386 0.4305383789270997 0.5132396731085969
0.2045074598733947 0.43675582949483527 0.6824833591561347
0.6916156645360009 0.38569747524945275 0.577312677379515
0.37137195873895557 0.6883914657721856 0.18786311988298462
0.604404935627221 0.633094331966879 0.2054279347866502
0.17427465120903318 0.645505387140672 0.3507139444122625
0.7672964542075801 0.6171545661780166 0.20645823977118427
0.3661153793519466 0.22920301343517302 0.8845480612675396
0.9438013420811664 0.09802408248816696 0.1919727411561064
0.872028378451698 0.26130087612787356 0.4847042240349372
0.2604609365228896 0.14491758606213945 1.1203070031774944
0.05081390853864853 0.15135923593192402 0.9407790343434923
0.17019742837756635 0.4952802713412282 0.5383045355743168
0.12090895561445214 0.9580534308306414 0.26213622145487514
0.4355847286000821 0.4971020982342752 0.35608652181011197
0.04862187841296928 0.5712549358627839 0.42364195027193946
0.5572596812913169 0.09813888168178275 0.41435564126463387
0.9493138932224803 0.7178633070742343 0.06922849664084697
0.9334581316485376 0.3170663281955284 0.38847575476330676
0.00728286020262181 0.8366062504008429 0.3124385085777151
0.6070290745443478 0.47449943852655585 0.38411613768658603
0.035996385858096946 0.04865005237737052 0.8286210565146861
0.005268614996934984 0.6924823428528687 0.35911193920510787
0.974345324265805 0.9392699529228471 0.04169202455988295
0.4958404836879706 0.9561667196168637 0.1438856792382081
0.34980206313542717 0.6284769674302549 0.2765702356374338
0.9283795197244293 0.38724483587013225 0.3780969663920217
0.5238596858633834 0.5687540854543751 0.25993526630896463
0.02185397862849625 0.6987912365972135 0.35475046940398225
0.08623352601535306 0.6544639417657812 0.3648068414269638
0.08469948400905702 0.7232111055412143 0.3353910575559104
0.4987745280735941 0.4187277211574023 0.41382118293548964
0.948821296342914 0.14283510235322194 0.2257773922509349
0.5951472172050677 0.5629810272908482 0.27024318798730323
0.9127447031705548 0.9499934843736912 0.05117594154329855
0.3992083618997915 0.3494932905633418 0.6359661509034059
0.9649256014091029 0.21011191355278125 0.2637470948971401
0.0894573857858535 0.2515124585144466 1.0221951498781767
0.5459889260923613 0.46416734772091783 0.36540542958309347
0.8671732481974042 0.7264734895564299 0.09114159669206814
0.14330111361952813 0.38639435308693015 0.8138447152677827
0.36631619114942593 0.5054014861835942 0.40113450830358666
0.6466087597962518 0.6697406561880237 0.1769505240829879
0.8614161014293988 0.1889843290258173 0.404647772903719
0.029252000841000547 0.22766149307663686 0.8878164812317322
0.6095490263441252 0.7092225942833228 0.15330085445002958
0.19911294227513054 0.929059602613576 0.25063509132136297
0.8216793328347305 0.14341046241017508 0.3736423547490725
0.40777539569987364 0.1803638265162033 0.7496164443479869
0.9590342512819292 0.8722894205954285 0.04733129470537753
0.25449658006404885 0.7641485784846569 0.26488599784053446
0.789997171783181 0.2250557717685342 0.5390232047711225
0.7115036136402558 0.05258444826291353 0.3074831913095174
0.058142210537237005 0.12792033220265198 0.9400110543503634
0.6545889984623778 0.9899456759399998 0.10554315196115896
0.5748370841577287 0.0014880407697820397 0.3572512125782098
0.4719675223420592 0.9247317102073905 0.1356711002739303
0.6930476785925099 0.45830558698162127 0.4721034794339219
0.512586290600464 0.35025058067242776 0.47755584352157987
0.2950007710295851 0.4755023958834015 0.523524106990741
0.6448851367798388 0.8530471094152049 0.11903170691753347
0.9324041877994231 0.3012915055294044 0.38731961946162713
0.6062212054031113 0.21133968946725679 0.4812683538798605
0.7292059713549022 0.40924452147236956 0.5723278140536178
0.6427137280261016 0.17792426454134624 0.45799654159954356
0.5870686859607486 0.881511071744903 0.12157790575907496
0.8094573106081588 0.9422182264080681 0.0718757621830306
0.005453932247085236 0.7438088726892534 0.34091426140750636
0.9145453223388696 0.5773369885554994 0.17345260781665825
0.18271968072023947 0.6960194887841524 0.32176980682298195
0.6648281778317094 0.19213521649514165 0.48283611249328423
0.22246594812077303 0.4371535428646405 0.6760434621779199
0.16737039627216443 0.3802675749694484 0.8497407043854442
0.9771510907105359 0.03270996434830464 0.1288895115184975
0.9923217909807841 0.30817583579491203 0.26307965345099155
0.09234302954869378 0.49200099866150016 0.5291156425201718
0.8106964546896767 0.9476165857783618 0.07122632376020999
0.6083063473025849 0.4334035559606483 0.43834082527829016
0.19401397548049504 0.6544799316182232 0.33931563620047894
0.09518428078418861 0.5658158172683176 0.42966568613348577
0.16151394716871137 0.5580273929110439 0.4342358468122713
0.28318966024389136 0.6168387172536183 0.3286565493836186
0.12545813187391375 0.43730197366622225 0.6606079245658028
0.059523543455717975 0.7994837464072999 0.3154616706746547
0.896390942366956 0.18787893470022488 0.3521001392304717
0.47800578330105914 0.676887624280628 0.13833289967104007
0.9475287045195587 0.8392189728206714 0.051573161614620076
0.3208216886837624 0.3794598177172055 0.7346473412801954
0.08231272629670316 0.24139174926646734 1.0142013743564442
0.27088762704694114 0.6855202810623754 0.288422569147011
0.04988962636179961 0.18899286672097282 0.9504220958160611
0.9184424764480225 0.6935108388577751 0.08725037529614466
0.18493503392061972 0.3033842468926209 1.0853347567326341
0.9353934708492333 0.47260029800570535 0.2766986978145571
0.6058841578314336 0.7792072411330417 0.12463974904775904
0.2220063488238495 0.8461993662652079 0.2615643666971765
0.40807962676798537 0.7584469399015369 0.04719839204045331
0.9703374649952798 0.22805694981256364 0.2685100397176743
0.39619765177489497 0.5925009093249802 0.2819381188572474
0.7312384051045421 0.45790295739805054 0.4898636750133793
0.2999000183045569 0.004339043863227587 0.7656302327054892
0.375245582115039 0.08446409528850951 0.748622388977891
0.583744627590707 0.040343702069357446 0.36282489375668336
0.33794245311358007 0.5625527585817937 0.34942354179900886
0.5178789721430912 0.3344981556308323 0.4874152593703886
0.5959738188461986 0.5926522268459916 0.24061239412074142
0.4822783319004712 0.9561740762808908 0.1468771768808707
0.291211544683216 0.3895843102051396 0.7558569620089186
0.33777261703978356 0.6669824441026715 0.2488793887366895
0.3913365690498337 0.33337804806422544 0.6827493190380677
0.6969661360249998 0.14191730924058388 0.41839674401338844
0.45834931105233245 0.8442797103319736 0.048509707882193
0.30701403002717076 0.5867996377513935 0.3429684565335403
0.5090395191062258 0.8866947355079253 0.10747597877786194
0.4407638837890778 0.8655903346554141 0.08146197909573386
0.44123444786592125 0.18353759841945272 0.654922737890248
0.07174981209917686 0.6166394777685914 0.3889599160998837
0.4032430714149561 0.4823102323134201 0.400557450832296
0.5463753512291276 0.07161854411571966 0.41004652520903084
0.890074905714142 0.5065032301172306 0.2930874856987662
0.7481857695345538 0.342349619994167 0.6396058648171931
0.9608098463703464 0.6394568392846296 0.09515824281872048
0.3159163189691597 0.2190244473054268 1.0450303999905153
0.4351305374538519 0.7326478228905335 0.0492886206374846
0.3347456213752572 0.3412517595176716 0.8043679096860837
0.36564872008609517 0.4163238844293864 0.5649479441366058
0.1696921530226594 0.23206325437002584 1.191491876071305
0.6965013906891684 0.3142500005019061 0.6148259321232982
0.06489457886704453 0.8017363787604042 0.3138483425580034
0.6410722747085382 0.38219012472281944 0.5279304173678337
0.1267962944871659 0.8496065839354396 0.28786315366610493
0.0696462667128821 0.03053862875668978 0.8479527600517551
0.2295732016823665 0.4945461653766231 0.5264643458923061
0.16030114947061824 0.6511426687780916 0.35105433741749026
0.7861217096175108 0.6239566289399743 0.19260095468959523
0.5068168268902093 0.42450584949880454 0.4054184361579546
0.3699363235449068 0.5729374870326847 0.3174802251680266
0.642662267787061 0.8254335928017025 0.12188494651859522
0.5115976835351671 0.17047483028293053 0.5065716843461108
0.5330747758409627 0.23684746450545435 0.5048420992250907
0.8713271154357595 0.7825580104373496 0.07508634521169637
0.897577871093099 0.9716802158923408 0.05274657449399844
0.33558599156706836 0.9963178495469202 0.19745097950237975
0.7821235556801992 0.692834234075131 0.1337764935289923
0.6079716785920473 0.6998439130463897 0.15848082121171256
0.3055316997922711 0.8785147292601858 0.21271020149825987
0.5488469987637022 0.7389587292248208 0.10322584647861306
