0.8517809475057592 0.5710958515803009 0.17507450693400853
0.06275030565172612 0.6046210416669446 0.3369349336204289
0.09753143209687565 0.22960395148859236 1.0351910543082323
0.1860826073521522 0.4684175763927586 0.6539898490641235
0.7024007620370464 0.11481451623271444 0.4062724902037995
0.09669126284001672 0.5547644420984279 0.3105472576077709
0.004287778236878315 0.2889141490592465 0.6270884849791449
0.027896631805753636 0.905904786055675 0.3523124599755926
0.8986652761569518 0.7691668299828189 -0.021700520086070374
0.18797208502043283 0.7770465881810904 0.3655849415326151
