0.30623217954880544 0.15019880264828878 0.956506003286367
0.26506356560750577 0.8904977816492444 0.5252284674755194
0.19606006315115143 0.6153827428224631 0.29286243982883536
0.43052147656704765 0.8535002762313451 0.12826046087140147
0.023113551992055226 0.10287401856091283 0.7679769970554022
0.19578191508398635 0.0729114692014522 1.1345129585679679
0.3528052884687256 0.344117908676993 0.6719379746486347
0.22324201934573862 0.31846616499044744 1.071590594961864
0.6135218556965458 0.38794371344120204 0.47582716884220544
0.5804571115888542 0.7831620778456531 0.05422131266695337
0.853567678544551 0.8429560304375563 0.1192277571703826
0.04113053653818566 0.3707301811179966 0.5371643186965818
0.48817443749109535 0.29680691718281094 0.44937884647433246
0.920826156293208 0.9958971032470195 0.06809898700635167
0.10910188331885673 0.8824207407221105 0.3772944521370045
0.41105662230435625 0.8194721581030892 0.08960233161929404
0.47012682247455506 0.9743175377252932 0.12598138450904478
0.12729654869520868 0.5611050109608874 0.40698546667790264
0.9823550002909743 0.33078538668743906 0.2766831118047513
0.02031596620537346 0.3093235953097434 0.7569829701485166
0.7054860480119651 0.11208245556171881 0.3541781916108869
0.9655091423448398 0.657633569139306 -0.014066075330228286
0.35274539163358376 0.2740615155711914 0.9705068567562842
0.6058947579288002 0.35344560805482717 0.4529219861649989
0.21738033605147855 0.8366091043065039 0.09906337042850283
0.9919695462876367 0.6524764140314668 0.0742351417897233
0.6691795634386896 0.4599177870150698 0.410516170214051
0.6930397418519744 0.7979532720287851 -0.03176706947310075
0.17547092681638354 0.2921472799051954 1.1544972245260636
0.8304488052874637 0.5033407187556704 0.4128277890596921
0.24618776642934126 0.1340394021704271 1.1642780772413928
0.6041956932835899 0.16479216518970108 0.4057550072748907
0.8185120565360069 0.2816257792289928 0.5853800991988747
0.4177464517045397 0.6498919357080234 0.396979776921887
0.061469044646304316 0.9050049021076695 0.1314400648479898
0.9072540528790858 0.2131371102171522 0.38836604483116577
0.733865411760651 0.5228331676535866 0.3868339540430137
0.3803659771279406 0.5341865192601467 0.21418358307495258
0.39419157099250535 0.4744632240103317 0.38629599407772824
0.8786033770791212 0.44768877657308903 0.31624337787355744
0.11182946783626213 0.7197080773557623 0.4798823009250798
0.43428677886220524 0.47904486320299 0.41372083586135167
0.5685616868339765 0.672030764754673 0.18783386635940666
0.01962086328262369 0.029388699153712006 0.9654200165517679
0.3651466902190754 0.5235676000109669 0.4285798617174454
0.4695389079352754 0.9550433231283133 -0.0332232405968618
0.24526652716463737 0.5588792152075219 0.4608162338432087
0.5496497701736692 0.22097664102696757 0.6016885865638166
0.43613519145846946 0.3619840132608847 0.5726190065538875
0.9317510591499547 0.8085957229165252 0.07658735971512706
0.2948921079231972 0.5391696958553922 0.49264929620082315
0.4212339912165928 0.13578028789505858 0.7137374802404042
0.2498152520531276 0.7000654405878756 0.2359241824358274
0.44203456635561966 0.08359926029398779 0.8272878492570654
0.5833858749477278 0.3964381724859125 0.26346826914007276
0.7602082949803383 0.26749297467996 0.5748307567372272
0.7334281666444776 0.5731570894907074 0.29793766772560987
0.7221011571759349 0.39171466487397466 0.5496111080862078
0.7385050038380734 0.0073728415165883465 0.3083447229252687
0.5117420585758616 0.4217777634679979 0.4170925469211968
0.26014157704754726 0.9019493011443803 0.07979726373489196
0.7706817055495284 0.05675190296721011 0.42295709916241236
0.5064265511976614 0.12796981207231406 0.6192689600439785
0.3654179528258079 0.40496365837412607 0.5044861305806925
0.1921008565564577 0.12153119482574659 1.0295452013056616
0.16437640402808906 0.5954478889943918 0.42924926029992816
0.10972907852200553 0.7634386721767512 0.2764320334169582
0.7300651548609235 0.716233083682769 0.19666779029589665
0.5625772172674522 0.9784961147529443 0.25304040226493446
0.8920156591662021 0.3322718587625899 0.47951959564597335
0.19507492735239107 0.0929175226125839 0.9878101349358707
0.8947697847896323 0.26691359104612955 0.3644273885865659
0.04256659502374771 0.80710518776675 0.3570902997316953
0.44332979211173773 0.7767543772966284 -0.1242859698554648
0.8933425218014006 0.8314323124184045 0.005863389523969274
0.6689176285113267 0.6656032683774638 0.09028135912153722
0.8211247653333703 0.7936367534622485 0.00011042007767776696
0.6616373630799396 0.7303399708152738 0.2772252560516003
0.16805860178294885 0.6172515429497156 0.3190202022560442
0.6984968176567115 0.3003239820172362 0.6768587895318916
0.6243778480923272 0.27243235585098124 0.5202524091137366
0.660001302793495 0.0858322316132637 0.34675008922859835
0.9428828904445726 0.5123886054265321 0.1504958313337022
0.79345648509111 0.15562333644603132 0.37081495879152515
0.98138637124715 0.2283208037632921 0.274537429581751
0.972176676732636 0.7580511228213794 0.008202081927269886
0.15833243742388192 0.024240988239526362 0.86990950981754
0.7295232752384921 0.2040748343959765 0.655561443796302
0.7500746444889766 0.07872916221151727 0.22398694744876102
0.8342403937785282 0.19859900381446527 0.5262159739541712
0.94475979754804 0.07130040673394011 0.27197411936415916
0.748933157257172 0.34197219292842584 0.6729360017376965
0.1776273452722399 0.9703987639468045 0.204173482100997
0.9172467270363076 0.19707583831091713 0.4296720405864672
0.7311107033015494 0.7188166677530382 0.006638684173622678
0.2011269631406295 0.8062865042697139 0.502242627631704
0.7721781796230616 0.748188639614818 -0.011438029787750811
0.5021883778266598 0.8804651241668165 0.07912068038227507
0.7631714418862132 0.828336302382865 0.05392731018926117
0.927040072391858 0.1790986828643324 0.1724867076489533
