0.4411184969489912 0.588609569852631 0.22586366470715546
0.06981873481265921 0.02507276531398772 0.797987716763259
0.22962968772006975 0.6987309565722638 0.1251357809487634
0.015802036497569172 0.1310296629819666 0.8709668349817539
0.2464405906441135 0.8582700981966505 0.24580613085763167
0.436623682182691 0.18525753985770632 0.66799587499422
0.7174859964834389 0.5217678843418814 0.44303879682063096
0.4895734888428175 0.051508740045201784 0.5825155839845542
0.33679712666178063 0.87840641564089 0.051706749620110765
0.23620819258187187 0.6958561859807567 0.42602458632873175
0.1547565016314516 0.9674654691597673 0.11527878224084223
0.47020195579917823 0.4044372932386273 0.46526390150369745
0.6275325493884968 0.8390054829510092 0.09366835731237204
0.7827287624400598 0.9375994114998089 -0.04619425191594215
0.3900021221287032 0.9816913384490376 0.17072168378635366
0.46839375016047125 0.6123257880167796 0.21748160889830023
0.17498396459823484 0.4134763710036665 0.9477302211973245
0.7567604375978499 0.35170498618886803 0.74103216446975
0.5635319985995134 0.9031591798497995 0.09801646803990377
0.5656079777331022 0.8042817345622901 -0.09014869680908802
0.13685229118839715 0.34592899490230555 0.8407058123800046
0.662089758411495 0.5014378536143681 0.2571803523075062
0.6865749616023117 0.7153347271704618 0.08003871735404307
0.4186154149134125 0.7270981502042638 0.23250756119318536
0.5796136399776324 0.7666766877106119 -0.010818770585313886
0.689038648560509 0.6267618962179554 0.28519734651232587
0.20347376930508676 0.6486046297594793 0.37643458455389583
0.566615457228418 0.46785985837012334 0.3493000135448946
0.549466039235523 0.8369733576057405 0.12167547406200646
0.21901604608316105 0.28184645149720244 1.018619868971786
0.7932124439607704 0.8693525181062903 -0.04405582045850111
0.43624159515221306 0.42032803823131126 0.4063758744737463
0.17138862145603617 0.9721951972849345 0.2712868246147891
0.36051674914910303 0.4760802614696805 0.3499517078294044
0.8111192379694304 0.31712688541114875 0.6509806783851483
0.4267144239055468 0.24613100756650685 0.5819262558080139
0.5261901598090352 0.3996231872041792 0.413821575447512
0.8516406497831184 0.8612906605534063 -0.05080113106306017
0.825167718977018 0.1914517370674339 0.4830571426886662
0.7060620889199963 0.08661504672259945 0.3778451257814047
0.42817232649419124 0.031677701659593605 0.4728022812420532
0.9609866991473224 0.87521989912898 0.13902883964395746
0.7010270948036371 0.4396744649204446 0.4410098999569661
0.22218580445960445 0.40666347929399416 0.7461925505780089
0.7751649915510038 0.14710056513328673 0.4793886139505992
0.021615007357943417 0.18520700453882344 0.8337516880278368
0.480379554357355 0.7508758808847079 0.011877605044220543
0.611803618705735 0.011358799849138235 0.47163800476951395
0.7584464985010059 0.6110362583419109 0.014650265322508016
0.36197114452035317 0.23556755400656804 0.7869656788500975
0.8096208964665381 0.957989697341436 0.18355591587927256
0.8375376876972256 0.6961606589445049 0.044916239217200754
0.6061244378644628 0.35020703152172505 0.4167951770171099
0.8397433338500039 0.11436826173146541 0.310781388724519
0.10417204954783721 0.6892721035458164 0.2917976946902357
0.11786314003032472 0.47085567237082226 0.6432908727892428
0.14051209435055834 0.6900034553843647 0.3772965358179885
0.6263123242140127 0.6051141939524501 0.23055715284841827
0.7789837731716047 0.8480289877545054 0.06660145147200534
0.1993738614856233 0.7923284308041239 0.16581241391416385
0.3535201044143993 0.6500822017722067 0.5077512328781217
0.020390206870665728 0.04510354627618118 0.9504801845225211
0.05281669050547633 0.8831055915489746 0.3658875559373771
0.04181852321769175 0.17879049373316558 0.9180703978209476
0.22365322528374199 0.4875462971618779 0.48569250316207613
0.8128763666120666 0.3483154955308504 0.542146251419633
0.23772019829272062 0.39074222637214284 0.8918514233560407
0.6934160532814881 0.15387620236153865 0.3676619996665939
0.8215226763261426 0.7746402401041944 0.26033533031795464
0.3022757586346232 0.15666807509536707 0.9750112147446479
0.5408209661995858 0.2183663739994829 0.45790990933073944
0.062090292062269015 0.896018028037425 0.14351823410721817
0.051493081453171996 0.21809459661599362 0.9574943665382687
0.8050876318893958 0.4083875545093357 0.40896241828731394
0.7748862086459821 0.9001513067673373 0.1292453812711053
0.737992765058486 0.24506248797118113 0.611797242989313
0.20269785714303645 0.7110339519704119 0.2890704683892223
0.3198095909551757 0.19258102595680127 1.0222846838934376
0.28577103264849857 0.055250819596766365 0.8023379849442795
0.243658859033281 0.15677428883995048 1.1768481212021324
0.68150596700489 0.9285711801580194 0.06195243347316915
0.9221303766119463 0.0046872572099568854 0.09072301374751152
0.7773451810273 0.2564186982485003 0.6015152155301757
0.19253369961875844 0.6677894102198273 0.42580589700649063
0.6990162962417891 0.42416859919019934 0.6456642277249369
0.815511791377725 0.2719605563904466 0.7002510344224883
0.494614374251234 0.5524328064544672 0.32188074413274215
0.005215478019535813 0.35109121057298565 0.7867883194506878
0.7006318370370146 0.035227132566116204 0.07885383470822316
0.2962936596507606 0.21466793159635167 1.0553811069433352
0.9582700366356851 0.5725667757544479 0.24759082967302498
0.41008579123205 0.27484312469404104 0.6300905685944784
0.7479357303075403 0.7060426443519563 0.17621161460909482
0.8076180238556703 0.8283610042211554 0.13474080852270448
0.48781273836286876 0.5388843423548106 0.26326848089096005
0.6424502640208465 0.6263033732470172 0.2857530959780832
0.006330855176668093 0.914573872902186 0.11492379235079478
0.9658059394100125 0.32468207687754824 0.2542109055963752
0.3404598275286509 0.531144646345163 0.4987151617218025
0.3518183536853149 0.5235707591818004 0.6363077270866865
0.1430668539513088 0.6252488895822287 0.4059198284712924
0.5820759283490629 0.9559425159018023 0.0870044206382101
0.5098175443602295 0.10569737508150967 0.49583238860269724
0.896979492804736 0.7160948769588558 0.04226147638855119
0.993993465669412 0.2010105182898848 0.34906943037502014
0.9161930756498288 0.18500909949656597 0.39926712885922505
0.9192233959112096 0.4847943234727893 0.19870651706314124
0.4151288812074332 0.5546545115626351 0.3562203423341064
0.19653777951652618 0.15595738948677085 1.1026600704106677
0.16645305251408438 0.7108048778021012 0.2950045393488391
0.14955621660775187 0.659420470747302 0.2190221004895292
0.7297626322093682 0.5853140293690314 0.4136617091423306
0.9171709992826712 0.7705078425263363 0.016663794611599392
0.05829441702240146 0.6019789514973767 0.4539808331163844
0.7433930756410936 0.23196177329217893 0.5983667221603028
0.16285254296120055 0.7135088478472567 0.3311674096624371
0.7486588051095775 0.02718580092395939 0.23915045104324217
0.4728159525908424 0.5325478398020729 0.40634875465595555
0.7416326015950637 0.7146051800534213 0.08361058874003863
0.2075230802207293 0.8419912577153996 0.30117915768010206
0.9034439712076335 0.8899213678267245 -0.019071294154585798
0.6019527600096033 0.7355583051895013 0.031995441552137294
0.6894493927107922 0.03214965803614167 0.16737088154763122
0.16460457813120133 0.6534672379277993 0.43611993639395774
0.38255968621558334 0.5160356803861293 0.37243658742358604
0.6772423074053158 0.9919572293578607 0.2436139985209495
0.19168888742484624 0.6586801657502405 0.2967213255533861
0.4890220388579326 0.22187884811862935 0.6365312299056398
0.24511548361040758 0.26902446647596634 1.0585808093996607
0.3590704800955019 0.44434675715740846 0.46293368366481014
0.3920650220166402 0.8970230737025511 -0.10915192309344318
0.8300700893146699 0.09227437345224687 0.26499001635439745
0.21518129155754873 0.43800187163906545 0.7066525996432039
0.4139045714256788 0.9987387301542467 0.23444322700966874
0.46102463036851893 0.43999377203017853 0.48125058006410354
0.5287956700574826 0.03999153160600355 0.32223658383109954
0.22221322920328623 0.5490078068928953 0.5402714041242644
0.6447956232817157 0.9109952266557552 -0.07318820587217892
0.1256680712086773 0.29174734652026924 0.9789242990348574
0.3659555316811718 0.3109074635691851 0.7822307819103772
0.033619641283383794 0.4237872769802161 0.6347763564813781
0.10697454221480829 0.7395936658596141 0.3239271541503143
0.02771907242151339 0.9037540129982531 0.21273386041458361
0.4289536795945804 0.34840087650137785 0.5693962434813221
0.15746323748775526 0.609705793471587 0.17999988680527795
0.5382147711271854 0.5371221235255721 0.2931491319880348
0.2003091403934527 0.4972003564585272 0.4172998593069649
0.23080335278238906 0.06927953129359465 1.152342260312017
0.4559278891904093 0.5170557356940713 0.4124870011478863
0.34869589508278087 0.6693928926996628 0.4036808711143463
0.7204013069085318 0.2974033999375537 0.6546195879215548
0.3921702734185559 0.5058260340033707 0.45254231812970513
0.8475434692408655 0.9222453128539566 0.10622320758596165
0.46703505075844154 0.864025634282185 0.0130918952162168
0.8448820776910887 0.9427308821252863 0.21541869053608736
0.5531538440900536 0.5866848461130107 0.24557962756373716
0.7107796239349403 0.0600502515074165 0.311284173371095
0.3018772844304741 0.7293265529174796 0.22985408566722532
0.8681365377639931 0.7798436472016634 0.09309325274816065
0.4038168396219396 0.09964063016435531 0.7046284224095545
0.010251518805843074 0.604762340479153 0.5348085918899512
0.17913920413815843 0.18226049262273192 1.1482436416048165
0.21670610366695187 0.4425436476686285 0.4872381473687948
0.34344832488261146 0.8363802938637006 0.23149128015604467
0.041396963637549744 0.7240197471016069 0.19184860077224897
0.483329222097323 0.4069367042300275 0.59643705801698
0.5865479109506533 0.9956641091925524 0.09261251542468567
0.6203325306546478 0.9250701831845364 0.08503365351600362
0.2566451917120346 0.47349908103179084 0.5925803885605312
0.11368859961541433 0.510950719039735 0.5498978297395384
0.03813381891247647 0.9193808509987335 0.1617218362545063
0.4881293366648157 0.930223365394958 0.02991992658055466
0.6206816326980923 0.09713749307821207 0.2883557152151912
0.22873270745718743 0.9368806382296984 0.2496772580512591
0.2363860619658017 0.5092575404052629 0.47639715782421244
0.9110165124662567 0.715177667117025 0.1562450649999581
0.5916954103925052 0.4557804173887672 0.4391090441989726
0.4650778953612441 0.9311454112338473 0.003371870497591689
0.8230202100079709 0.5047673676512675 0.17251181978174446
0.2101643151096947 0.1197823481847583 1.1135179936082904
0.5821216048237374 0.25245551656275167 0.4096784582937054
0.32070677552596016 0.20838440794511348 1.1011486035833202
0.741109657364196 0.42004933776713627 0.4783724688498564
0.9855340341527616 0.8943871085384398 0.13723543015828552
0.6986438325262923 0.07960255536700389 0.2782052827999818
0.6600839408316186 0.609798696178525 0.3694852511263408
0.9846556272877318 0.9952502077757761 -0.005107649260179349
0.446941101986985 0.6694259403902496 0.2637944303087334
0.07700871988227498 0.6125638937875028 0.3892619948021825
0.9857468995217779 0.23603807258365062 0.3692524224913391
0.6647832700109086 0.7324233290982788 0.01359480189129511
0.8088249896147119 0.8309965958334361 -0.012110394684272177
0.7242612372041178 0.8469772276473161 -0.11770062273344933
0.2560956507969371 0.3928247440154653 0.6267673631450978
0.0028148225418408446 0.15919970112037485 0.8463488388083948
0.9419079036279014 0.2328616556183576 0.35519535832022875
0.3388865940757583 0.12093977502935027 0.9453706930897842
0.3608572481302541 0.423696720879027 0.5615185484058635
0.8784114221881117 0.6236524711013244 0.3235117017959426
0.3886899505841628 0.8258645317839443 -0.004465988390477321
0.5353046165763938 0.12225300729727906 0.47661755742387624
0.6362250602435489 0.07929952090463865 0.27598389354445496
0.05959024928055334 0.7337600229138178 0.49799877572667783
0.37293670378243027 0.1023487453320654 0.5858707303361561
0.5235594020930598 0.5216479182507757 0.4158227781294064
0.08729689670428908 0.39799391143471685 0.8180741923764947
0.8700242734921674 0.1812330722400186 0.3093696667149838
0.3157689197631032 0.21682997039546548 1.0018796404021082
0.5791247119633958 0.2408892064358904 0.49254144986753523
0.5973309974288065 0.2814318081943872 0.6415725452563301
0.8699720169546294 0.6699609788028257 0.08720236097057951
0.40102105596116855 0.03619384790203806 0.5401522349764724
0.7572011086113776 0.6379670467925334 -0.009630154976800365
0.10152660548819603 0.8430075758788889 0.24955539776750843
0.2382746482043867 0.5644005966453626 0.44150090633026884
0.1476999056526418 0.3593930824069542 0.9286173326994673
0.7851604265233034 0.17135688087907774 0.38043253377178227
0.4624416195753458 0.5234448601428736 0.2831032632036001
0.23754330569127202 0.09166323255321829 1.0475300496880793
0.901863407695927 0.9808252644020111 -0.1821712477680178
0.7227032372972552 0.8920198187711952 -0.032035778513597346
0.9665735971252215 0.9320498586721607 0.11316985976227667
0.342175725133687 0.8571501843833214 0.1459847724249764
0.2555142682400152 0.3684196224848183 0.9791487991848471
0.1736028918869903 0.093962823429669 1.073421930715052
0.9548330371216959 0.39291886701548984 0.26607285127764874
0.4350711766538067 0.843848933857503 0.011998771854773917
0.25503609958834417 0.04032602488179804 0.8960329149014825
0.49929914629475636 0.30006838916070755 0.3406566183959081
0.8932899177712473 0.13217240315544543 0.2269733544732271
0.4635330878989703 0.6775531953947087 0.07471336788829314
0.3045837290669613 0.2649407604902312 0.9745670486210048
0.43970459390665395 0.4241683081076082 0.571752896930388
0.024802496440526123 0.4098146286652625 0.6785092404456425
0.10656331368907035 0.6922891951794593 0.31783602770517255
0.3703040736300216 0.8927785481112243 0.0337982443190189
0.9562053629554768 0.026692916475535955 0.1957471468550135
0.4746629218047438 0.24219532367096908 0.5319784056746005
0.017382436576368065 0.7505323024747265 0.34294954722409277
0.7697823018800456 0.733524564051814 0.15021853127373072
0.1867012754038313 0.6542853565234829 0.5236090418991587
0.6195103155588306 0.3751171863508398 0.4817677492331864
0.5001871700111863 0.6304364079043614 0.19326754876425783
0.9614313869517477 0.9792665355699157 -0.03451488718055907
0.8859264827043913 0.22767998196734673 0.44469282500627827
0.6569290170001372 0.08677289648936182 0.24283551482963284
0.6518199426906086 0.06874227142029854 0.17136025942429833
0.410293722174518 0.11361016330014817 0.6814343987943866
0.6958540144936383 0.022826174243991915 0.471959285124597
0.8913089258887853 0.8249570518287408 0.13609712173118804
0.9645492840815442 0.05075031500001059 0.282199216624573
0.15141446474646258 0.2307555582808023 1.1116807983875834
0.10412410169755326 0.4840203114715643 0.5455496795939426
0.02302841181200943 0.7190364694549215 0.30965184951024305
0.8199274648828908 0.41716810232127943 0.33500361919609517
0.39913957377682263 0.597148525308499 0.20299947258277226
0.4041193859490376 0.9740348946918945 0.2686330987438694
0.9479553005269947 0.11868806964956946 0.2879414176479345
0.8728082917212953 0.942155189135466 0.007655414323439351
0.4645420185590414 0.55368797946418 0.3760910141690755
0.47336834762956537 0.15638449037408253 0.5355993029840964
0.17122633063911108 0.9762907453691315 0.133494507177635
0.1086759694943934 0.9864854898638875 0.08733563464671151
0.016938607069975964 0.9608639163924027 0.28331870011430704
0.3997332863602201 0.37223753873055054 0.6187484982052658
0.1329294351491922 0.006864676208236609 0.9053432904178862
0.738972671265017 0.9002996465382418 -0.013175670796229222
0.0073910835507490225 0.9620731938013819 0.3480992610938799
0.5457371489094872 0.9786274119956005 0.00913650526016932
0.5082072611253801 0.31096273149874953 0.49397830809088555
0.7092237222528773 0.6947522978911179 0.18606538432356465
0.7517296669527207 0.4515467427738945 0.5053436006399019
0.9620265762014216 0.7536431175486661 0.0881032843791154
0.5654773346236143 0.9336250823105738 0.04285282685510712
0.3581315831751145 0.6084188870256513 0.26734332429995894
0.4724573565378076 0.699076420297561 0.21433031336546998
0.8406362996966816 0.4477059766829635 0.396984387319239
0.5202137028929825 0.15544622440564282 0.6513416668753957
0.9811807795837167 0.2552340676792392 0.1446037227221569
0.2670346487424149 0.04246385160373034 1.0165367295710541
0.3864466451853946 0.5674600682670572 0.5041519869054065
0.4577854125736268 0.38184387484049365 0.5499459951143404
0.8670709167814027 0.9332284968951607 0.05389186795242377
0.12074484836747845 0.008672932711017212 0.9656041546568223
0.4516115850641067 0.5344029818719834 0.12646159031969503
0.9470938328438196 0.6658021576180648 0.28369330668214016
0.44994196621116056 0.734649480890509 0.11460564588228044
0.6098925584490216 0.8599968079568598 0.1638888103524455
0.04284398136336809 0.8014071196704707 0.27488973455028176
0.12540083111774136 0.8269555430975245 0.20076938173714493
0.8303509609515096 0.12030335270697334 0.23678151472287573
0.008881394645795404 0.9220782834337133 0.27116467118345405
0.29246694187246836 0.4580753841875972 0.5646918311711002
0.1290849631937674 0.322355575835658 0.9717676860870706
0.3167722010509856 0.7339823822691307 0.10949574984740025
0.3364523942028329 0.4119034952383974 0.6277653024107007
0.8828638146216762 0.48444091724705174 0.3029263369620341
0.5618654264287835 0.5876421958567044 0.10222191056896682
0.5098968002645174 0.2052428883924332 0.16711770682016264
0.36608057879765266 0.38316838283391474 0.617731353996819
0.08868448131335804 0.9885332829423422 0.34364678826269673
0.4554721170150865 0.8829116709559831 -0.003796178698944455
0.6552935743507986 0.5962402707455383 0.1910920230173541
0.5185919411062025 0.295774338596105 0.4867851818638582
0.09240677439499867 0.5504941493429316 0.375820066884784
0.04540715406909468 0.1729504410129048 0.9990753112235575
0.22997207495740168 0.29785707626641855 0.9812429498853704
0.6777409097408525 0.5756048163352036 0.12437066292172408
0.6672577180007726 0.06918608694528694 0.3950544278277138
0.631288039301756 0.04742830629755057 0.4939621962907539
0.9618095196027114 0.25889975706257096 0.2546556100397409
0.029836023565876668 0.618472587962754 0.44637908812882926
0.5042598116979773 0.07921931055065323 0.6090056101316872
0.8646068792624876 0.8892433491068932 0.12231247782285731
0.43713603358312836 0.39836599955384344 0.5146387798963897
0.008201606783930893 0.9842871325721028 0.1389641560927429
0.5189228391447517 0.3448206754061437 0.4246879113660252
0.8027454248104116 0.01444764298972634 0.2432610517286234
0.03953224531356836 0.9180290227675597 0.22264732719224328
0.5871295841225816 0.7871570489761833 0.1527425823757953
0.5570640530145352 0.49211350852198477 0.1969323003476826
0.039240016860891624 0.9084941206584842 0.19410801157480517
0.33218393834723503 0.44427445501258767 0.5055333146136756
0.1121887789739815 0.6491916948381983 0.31625889335451896
0.42519045645185394 0.17263448407445892 0.6358596507635006
0.5326606672575801 0.25582063257428256 0.6333129640989665
0.9907817888310786 0.5062643439211276 0.2399679506788717
0.916368868718753 0.4615573923567521 0.035545966307001575
0.6860094810473838 0.9297183090839761 0.001233475303495546
0.9637510336065807 0.7435524230908049 -0.01198890977035539
0.4713756290488802 0.5127480999692251 0.31263038816947725
0.4443533208696999 0.06805621851835275 0.5579269432248929
0.48329820141534263 0.4317291215114756 0.45007691876117534
0.7805177522625156 0.3126401630335848 0.554838052186351
0.9902875471468703 0.28644165761299845 0.23004239074787625
0.6660777758590666 0.6598735129725718 -0.005230424595926264
0.40821830493677125 0.7476269377978543 0.014489427104592237
0.2091586248941839 0.28399844959966214 1.0714552260380037
0.18309034635971932 0.6982037963041746 0.39878403123978645
0.8223202815013878 0.8814529638408642 0.143175155560071
0.797536280355102 0.9285050924132069 0.01706023146819221
0.9849960970233417 0.8025018693997747 0.03548062482642735
0.6538485606264871 0.0854549725075201 0.409742766117824
0.9937592284713175 0.4020718446925179 0.40437839253854674
0.8682333014142516 0.32204207523984874 0.41624914074794783
0.3096844288561388 0.08893539977224896 0.9668498490413321
0.17084363050622053 0.7503502224005273 0.38346395019474444
0.09254999471222136 0.4992509931833625 0.4343432243158749
0.6994168966190158 0.5195660039772724 0.33970882307958816
0.7632631984661573 0.9734901203378791 0.19417971648507135
0.11153391545440872 0.33969081227193865 0.770337174984178
0.31050635047523334 0.5560932752925539 0.477779742547322
0.8583802719147237 0.9249919165544092 0.08059771189862411
0.30502457035074904 0.9842245892449601 0.1331270472409682
0.01757799660017212 0.059514828260660346 0.661982007535795
0.3665138709486194 0.8778302706659109 0.249284787231994
0.554585033445405 0.17625103729940805 0.4689243562660492
0.84717534213261 0.05341824570196829 0.0424351725133168
0.0076747225675564135 0.8214046036147149 0.28589790391000347
0.27647208583090876 0.9906340344486568 0.2547447742221513
0.026541692658656912 0.6141868527732127 0.27566744065105153
0.7700469312194733 0.2775117156321728 0.6041618606540978
0.7962577296020973 0.2735458381596183 0.45627057372898056
0.33817661843520286 0.4721135907090268 0.44208434085628684
0.08509803253406634 0.41365477334256373 0.8385898333871725
0.49627282923021665 0.40796771699287904 0.42018012275495836
0.8385097922374593 0.9685724169870904 -0.004839810926175331
0.6715574416353037 0.1285468366921776 0.450416136121624
0.8932261890810885 0.4722836278251207 0.24634395091638325
0.03260487431464798 0.019500996981483998 0.8131578860314178
0.1518207828062038 0.3100510561092845 1.1120644797949775
0.5238701806185657 0.8656272081400359 0.23550726448355747
0.8031286659860769 0.5340491945981096 0.16384565123995332
0.3280655654442465 0.6708659556880764 0.18280661069369802
0.174067493086691 0.18063736854312784 1.029243000187833
0.7500979973387262 0.25101505086680787 0.7046231544139362
0.831810691572333 0.9923801472011012 0.14559469266170044
0.755455927163587 0.21074654973352136 0.48511937823307005
0.2810341740432316 0.14070600949691603 0.9206205119971316
0.8387511828754468 0.08812420561901202 0.2534868587825408
0.7808371015727861 0.22437526092947968 0.5237264088216278
0.42030447135541815 0.6806591796513446 0.24570247740220846
0.1841033763725075 0.7555953865448994 0.17563613972591285
0.772567840397367 0.6822848765817018 0.0775970235363949
0.010517634008289312 0.34715909699363334 0.8908842595632797
0.784348450234915 0.37879414919877896 0.6171251023143478
0.8662265021825133 0.2051845261560823 0.5733466392923405
0.884766192935649 0.05384861919251027 0.11333155036360985
0.8885651463780857 0.6342575939119611 0.15966869471084405
0.26279901445080656 0.10386297844183912 0.9181345076271967
0.8985865261637777 0.27564566675692626 0.43118478954235195
0.20667430522857178 0.4386413121152014 0.6524306243996322
0.5377879497559959 0.5078802225792552 0.24344354632882328
0.7153507605783678 0.7878734502980664 0.26250881184594566
0.9489586576575018 0.0017427453284318828 0.210245890740197
0.8338942925001551 0.8477710379996468 0.02692589238779436
0.8713245698248755 0.5585062663477967 0.06844588377677918
0.04535563869248482 0.7771348256896959 0.32299249964762083
0.16660583665146045 0.8680213560877615 0.5395107215770405
0.6298656563941789 0.134951130530356 0.4327938326933535
0.13419883146467437 0.1788971122940155 1.1993849104686518
0.4505891194495122 0.15284717744907694 0.6217625449117593
0.5083685209128135 0.2540748539097333 0.6635661687865966
0.8424742460380676 0.07617738561812881 0.4754817148738709
0.6477379207208699 0.9391248066562984 0.08010451033745336
0.4209194339942367 0.7639409167892149 0.08198326227389616
0.9586087116522328 0.30437150137839997 0.2942287979284164
0.9504671318249275 0.26022182759798285 0.2755075003725297
0.9007751495294615 0.8260627585221941 0.026819084745205217
0.653105885325317 0.15455067223451657 0.5051385063603968
0.45537065681573086 0.1337803112059044 0.5625375699346495
0.40228488857697275 0.781322941641033 -0.09277115060319763
0.0406624309827297 0.216381404497206 0.9848925107828259
0.3136205092088039 0.5441714712715794 0.5582884605607883
0.07277365641952815 0.7637650962689191 0.48368763687318617
0.5208801514123138 0.21929278641808725 0.39532147812115404
0.28682918648282274 0.9734289062230653 0.03831080800451303
0.042457401897830205 0.7213641119376112 0.2856862572696294
0.2617928832641019 0.6936258460767755 0.3847194769740772
0.6105491196130152 0.9940969832549317 0.1550936515763878
0.6276660895071091 0.8812015648081933 0.37825814684158793
0.8415808969335162 0.817346300705085 0.06882817601490793
0.4050402170435433 0.4953404440016329 0.4275660853604799
0.6803955584677756 0.6169210784899058 0.012760783480869925
0.21584281154989648 0.8485903759605555 0.4073562830828529
0.10955931027547083 0.21941997138713976 1.1509267273681572
0.06874405942543327 0.6617528162430073 0.48106432527638954
0.2689398859391232 0.9336097020093298 0.2638064122351881
0.244221154813538 0.19735434391892492 1.2703311321240427
0.23367834522939224 0.440915415596822 0.7868195912380109
0.5261919087131923 0.16708575154673344 0.48305042286293254
0.015439123341780436 0.13996553134241818 0.9809211487897196
0.27974145420781027 0.8738843891397424 0.4997924135747775
0.4491602700748041 0.5039248346871524 0.44926774932740304
0.23664304163408656 0.5471347064775895 0.45335942769944776
0.13819250330451405 0.30435681156293737 0.9020547824591815
0.9343972180120038 0.13993423905872793 0.2041004113869077
0.8026006872615493 0.17775645889845026 0.35011751471331964
0.14241715270719912 0.7731535613206147 0.31589828253855917
0.7736103079063403 0.29276974353479635 0.7637520014851475
0.7665665433971248 0.6388816428672491 0.20984142193016603
0.3860025876002079 0.47106844251977165 0.563472386267469
0.6882355165831653 0.023932834925506907 0.30356113034026694
0.05264245138904533 0.8609173772196 0.238609800570444
0.6009449836952796 0.2957466124955389 0.5861967370998236
0.3923931176267734 0.9824466269250939 0.1476813352334764
0.09726098328263078 0.8300880457508597 0.3619745447654651
0.7597611453320199 0.8698105616289746 0.14265558790525665
0.16371074955537035 0.5218021389489106 0.3755047318227216
0.18121455718666024 0.47591945474146335 0.5185629081488442
0.8186213241804313 0.9179811099555756 0.03645592975510401
0.2077765092242415 0.4046211135127379 0.8037947786451497
0.1808808038315941 0.12897011186992924 1.0805149712925246
0.21021189289153897 0.6264437481211358 0.6471539278177121
0.7857594957401853 0.6433293271664483 0.18795353415124152
0.04927920955431753 0.5232552492588289 0.45579677556615844
0.3481008551109137 0.9289675955218444 0.17150694797011748
0.8648379080980997 0.280060116077278 0.5491563239713644
0.20074955298218522 0.6424877888342502 0.34452114594784233
0.9801373923893282 0.008669971865263637 0.0442366135102147
0.21927536011245408 0.12590319219691393 0.9028609698195283
0.16792426845281327 0.971892112247496 0.2969262947218673
0.35305067314922656 0.30327106572227414 0.8146704795138502
0.5221596068875509 0.5104226693750468 0.4264633536847369
0.9682120918323002 0.38777688150799106 0.3984289728170781
0.16155041004882587 0.719691720876008 0.27128328359619047
0.9450532571410777 0.13470493347006807 0.2968674628700988
0.7280333883430959 0.2748565803398978 0.6108305254916297
0.7251548570016358 0.3438305535622086 0.7087599283208088
0.4271909719548147 0.26894889415042367 0.7752944164868556
0.4272611031775887 0.8218141179373932 0.11646758572914996
0.38348562454533386 0.7850849820895841 0.18424379808761793
0.10504625326305106 0.3116175594964834 0.9382220534315139
0.4127616572304097 0.30545566459863405 0.6102913496273338
0.8090857331587292 0.9520370957474218 0.19116202464699691
0.9641834030027852 0.4204969486241035 0.25055103863674577
0.874614080086772 0.84006207925894 0.052629356562871044
0.09872723013761564 0.8207386410191954 0.26008967841442
0.26093292424536085 0.021939387887043194 0.772981083752576
0.4652432137175422 0.06409671702342434 0.43669196903782564
0.14571035074207994 0.5790878568274898 0.43083814664458736
0.7726727735527279 0.9366734693564484 0.2359398781558018
0.41032526331993835 0.656189271999237 0.3034541860086932
0.23243115362426414 0.8823023978839764 0.15515137258269673
0.09208468172418705 0.9822151713952487 0.36971766499136255
0.5726810702365954 0.5344958822361531 0.502364945165809
0.5228196762765217 0.5899640496709792 0.2959260274954665
0.8241393184994478 0.9056573443250328 0.06182608405149043
0.42312836003830623 0.48487356175185603 0.38173236002609306
0.0760789364863117 0.5211893990364225 0.4578336579530407
0.663213551404024 0.16137442352452203 0.4157246583526426
0.714634493414454 0.2858058154980515 0.7119406674070989
0.7465143679520155 0.2943413964921404 0.5372430608232004
0.45560543381875784 0.6421222402718169 0.11890390555382406
0.17667169398372584 0.4624297028005906 0.5475492037027295
0.5472229075741808 0.21809280456227742 0.5749252699448149
0.8343760630385147 0.37780967606109583 0.4620054657659455
0.7058003765992871 0.5539169556389941 0.43569945287502054
0.04483960068751136 0.27950258841344 0.8556070536299056
0.5094299698729501 0.5611655788007699 0.1649986601130935
0.09425669112960489 0.3122335445437564 0.8260708203166516
0.4772361221303374 0.37634826561310997 0.5281798493812354
0.8808270406453051 0.8059386032048048 -0.02361642241093348
0.9771687573632944 0.6320590252946975 -0.0798432626084053
0.7716350871241847 0.02124700411285385 0.2938001853221906
0.41720838700966634 0.5080066645112344 0.2651196047727389
0.7105811193207149 0.4589733206807365 0.44299358745404865
0.5474186809748935 0.2256042241991275 0.550219618445199
0.22980339655592774 0.5989720603721367 0.40165698155264173
0.2388887333518357 0.8229329641581923 0.13606746341036735
0.993159856690181 0.029374245874004168 0.11107652386210165
0.9169292616314715 0.69257638218637 0.03933618914699356
0.769714298471996 0.07341079505154391 0.30279939117274124
0.42632632077661126 0.6548372204963252 0.21309250206452257
0.2994845626164572 0.5927193230080238 0.39107128937355184
0.03324851565814957 0.8000252128636827 0.505751099228631
0.7465182963530363 0.5931403729401858 0.38220474589004516
0.6806029457877435 0.776214731158605 0.22282191785502645
0.045337269363112775 0.4591427869221787 0.7189463071047044
0.7263762985162536 0.07379555972927532 0.5310211922632636
0.23190287090255912 0.664530988948279 0.14012483137327064
0.4428204588817134 0.6785985933284322 0.28711989131024174
0.8121826057870293 0.7801711820913277 -0.08784422176985275
0.5534314119555686 0.0682961176710909 0.43593684157711865
0.456292617858302 0.5687151892948578 0.2579210752556625
0.542899172832244 0.5177217253469423 0.2573623996698519
0.7104097376450602 0.5290907166013756 0.4521690871857213
0.9266707104323499 0.8232230528114468 0.022878508296093496
0.39775150627311817 0.5199134502561831 0.26773195920015813
0.514310905932738 0.9079610642877516 -0.01319750352620952
0.7584002338743128 0.5867220753521779 0.20896507406131878
0.5833279439851144 0.5009469167995185 0.44394733265388264
0.08295784755513813 0.34125258484283005 1.002673490833949
0.22785267714692992 0.7956847529190001 0.2547879858331782
0.9020143986208978 0.9177211681730985 -0.012088459539136953
0.7178439801823415 0.2866484073988992 0.6488557467994247
0.51628437603038 0.001009484455743892 0.5120111053545071
0.8838512031341078 0.24473740646709763 0.4776887130747484
0.8541516582128625 0.49276902975842696 0.2598403732523299
0.7816664951812776 0.6046929533069383 0.17336353926623224
0.639023187951387 0.28901374876548047 0.612150055784201
0.6128438815377506 0.44497791433176115 0.39978325604715464
0.15135481912843718 0.2293603597821281 1.4057399146962868
0.07702844608302695 0.7704494092207461 0.49034919673174043
0.3557757932537927 0.7280050745449818 0.0989108112124005
0.05165016660876842 0.7475313509231387 0.29911858639182654
0.9072447389476184 0.35406583554788174 0.35268921338680076
0.1287364246734919 0.8073248202106094 0.3795561878598192
0.9537008412107153 0.6261828414203734 0.10414094876614254
0.580434224042096 0.08041702604168599 0.14967579681606422
0.28071828325507364 0.5334419655286492 0.511824831046374
0.3922131534992931 0.8262830481256349 0.07876447152455962
0.6381861942935454 0.8562545630438525 -0.06911745417121821
0.37841487752754566 0.589045573295241 0.2399366310728382
0.17736523255640424 0.5017274053382883 0.4525634913104188
0.6075299925822402 0.551446509174741 0.2795223866726897
0.36230853069954794 0.008451306050271112 0.609689596681458
0.7808382684817469 0.21653424613362016 0.5884381328506083
0.36774180706202375 0.8886889583286387 0.03304168949994196
0.7811005180560856 0.5749514809052251 0.17747191382629834
0.20503064630061574 0.6218773139533968 0.5194739390324467
0.7087241840483264 0.3105814627556057 0.6142983996958883
0.3034298418784328 0.5473756087850208 0.41331300879706984
0.5506113133737992 0.9933803910653132 0.005270023318090844
0.0038497833430469752 0.5398239464771764 0.5234466044530196
0.9388824610306598 0.9544373954976896 -0.02677490575447674
0.8701958481715538 0.17704708671152458 0.4205933738899766
0.09923922079033554 0.9347838731974238 0.5718487756139439
0.6528309919325336 0.40579497134288356 0.4932666718825822
0.6015688784919937 0.29533359568711404 0.603531471588045
0.2211697842658561 0.4511986661610271 0.5561227093862507
0.4906822233273682 0.22525366516099654 0.6437592587593215
0.8320770088947 0.24874010837597416 0.7076264139896746
0.1269867554057711 0.5193402924413247 0.4522784238062027
0.1918389662719735 0.42420608501239665 0.7440664354399529
0.011570955842087227 0.3300907603310479 0.7664782137508968
0.6983588966558029 0.5962969212461221 0.5203089244989809
0.5391357402698652 0.7647462726288877 0.11352901159867931
0.6728842029423004 0.8534424996721086 0.1780900208401151
0.777343401768605 0.8749295809274266 0.23881417919478526
0.8075791529419674 0.6529158265918553 0.065568410224602
0.5645516475461049 0.8590391998051957 0.11962616197425527
0.9845250666367006 0.2782813926187242 0.42383669939759716
0.44702617709962256 0.6961002077361288 0.042605361197353
0.5404813503934065 0.5654794553110271 0.32565257445334095
0.6866853315183286 0.9110610154098331 0.1760181569412492
0.49136436728095434 0.23873997052166707 0.6809372800188699
0.5989849972183096 0.29244060970992114 0.5873640520346636
0.5544096964247494 0.03395942326069468 0.34610689567682534
0.0296847094670738 0.5391729645044265 0.566594051672714
0.5924591137227525 0.7074307532352521 0.06278626884143806
0.5671434503716826 0.010421420305917639 0.41948729292393816
0.6829358773967532 0.4008438728970378 0.5828886340267914
0.526719368343733 0.43050784655922547 0.3662569842556279
0.3879257781099885 0.21379382025868943 0.9629986409945726
0.7584801613850432 0.8040867298021149 0.11705120961533175
0.9924151746325403 0.46423356186022724 0.11853040466599628
0.8959334689426199 0.4051304407913968 0.4380288715044123
0.32786492957962976 0.19907236925026472 0.9817988444345587
0.3575921560266929 0.6182337950698458 0.3397934874568095
0.0727436415055529 0.3500400804050716 0.8748168183242117
0.7964485872697581 0.35053085756868174 0.6945373346640892
0.8101794797839104 0.31948905166956454 0.6953018934969448
0.9640835660541677 0.22539406664202477 0.1949650611721676
0.8654437283268682 0.2989613318276173 0.5083335680691983
0.7758269380535733 0.8523895414093609 -0.03113414861687032
0.40241502095602677 0.5594953983474223 0.1904590693620909
0.0809625447127249 0.7897826675264485 0.2093411603922136
0.4500147885092046 0.3139023827140255 0.47415436292943786
0.18362649777326612 0.6253183093873756 0.3214899232366922
0.2678514343208115 0.6608413750373152 0.12631335705924873
0.2959344490784305 0.06075525712213836 0.6155570981665519
0.4886173590000009 0.5273340901400401 0.272074292798745
0.9031881616054436 0.4325450213384261 0.48225792310737464
0.4241175707520576 0.9245296423012189 0.17950752266371012
0.028648640892090182 0.10711491347061175 0.8828519951274212
0.17824408598994612 0.3858810756357668 0.6902546285560194
0.4824199721215303 0.5670056541472135 0.2664748151790728
0.8719230036577788 0.5745674031761796 0.34006415255036193
0.14681350752962008 0.6766435446508956 0.2199567660244335
0.35942110131329097 0.0866498346190997 0.6648244215988657
0.833510875372978 0.8928770922756258 -0.02156971242196848
0.25414785378242666 0.5759034640117098 0.3913042501608193
0.5207431517048607 0.1274942558770683 0.41633907979713675
0.6485958907421805 0.8659104165657908 0.18673057746821548
0.34810889597999894 0.9762407894125108 0.39188025257896963
0.8808491749854643 0.4465821632781851 0.47144476098294613
0.16043664751414521 0.5115126484810741 0.6421175516920159
0.7690888388009732 0.2432278217180145 0.49193707945902854
0.27029549775293926 0.28221405515326237 0.8645670256058932
0.5244066141996475 0.6209221340473948 0.30957268985147
0.9205574598505516 0.5480294538025113 0.07671660680288432
0.26483746131155683 0.5626258863916231 0.4613750771490342
0.22129595496346022 0.9765567403434985 0.2944847649863474
0.3680943617097999 0.16735782630953477 0.8386383676944569
0.4780269199921797 0.4890130265712178 0.25192241838702634
0.4422440561119013 0.34280444164491497 0.4984611754028644
0.34756427958758884 0.8632788350846288 -0.013388887679256584
0.12893005171750127 0.9026301318817037 0.12270104812846164
0.8588456913049997 0.2805501451331619 0.7475187183180891
0.4872702371435027 0.5943492405066293 0.21856904423839746
0.6839298366306837 0.41129119205267206 0.5727283126810412
0.023855886229537493 0.3890430540194886 0.7241660333194236
0.49194885574378955 0.0044021443834287854 0.46056169468035224
0.28870042258240225 0.13318544185440484 1.2017599499677947
0.6755019785816168 0.556426333920748 0.10962347802316913
0.12107921471889527 0.2929699929886046 1.0262242106206774
0.3883504504258495 0.7766132328787874 0.22358221007313236
0.3995943911744336 0.7937742566396874 0.0062774733922524514
0.9902100040602523 0.6015340343002215 -0.09278925313724333
0.26069601032691847 0.6742050372334077 0.3950104399875634
0.628588135868952 0.01682868137869875 0.4261437616179835
0.5389397061584875 0.597810229151195 0.15834650090095329
0.3207671901128534 0.8347399256858176 0.0673939588235456
0.45034148220988923 0.49780748467124214 0.37288167188074156
0.597986792577638 0.8368888130493541 0.14719053655471842
0.934529454120113 0.009293531778481134 0.045430383855073364
0.3793806376113211 0.37869911226898134 0.41230270608742403
0.17114713793198988 0.4968758183994888 0.5266663620036797
0.8308881543945884 0.43085085563358805 0.43310052020154527
0.47037327681959407 0.5505768506119051 0.41385711516282647
0.7873927330237558 0.6259453274580206 0.14496143953361457
0.599668575693921 0.47855056505552696 0.6656035725394838
0.5004044935356845 0.3758962187566378 0.44602113590765197
0.7419354883176293 0.2672118976907638 0.5744303865155168
0.5325965468306256 0.40989937939601684 0.29959148926249496
0.2572728035020745 0.15380789566618913 1.21701434721096
0.025150659876528203 0.8033852994612167 0.36853199204567916
0.8172842729272436 0.8148914101778993 -0.10268332813248933
0.2499280018611284 0.7599415560345917 0.17007963075044324
0.6136020266055169 0.384581821001467 0.44115842097673597
0.21909113909637457 0.4396117791061124 0.7230271297873795
0.549327948003702 0.4314992871147312 0.1989305751288776
0.7026053921796809 0.4563366491247308 0.42347905362125177
0.25769635592552576 0.07970019956745111 0.9585994674763325
0.8745151560862335 0.45289432162931087 0.47103884785647177
0.08885360549133758 0.6982917156852246 0.36166929784730845
0.9863695067983834 0.7514666239444855 0.015286347417807461
0.14197633153583367 0.050592379133490906 1.1158586909014794
0.3872307487290969 0.44850371556844515 0.5092560080961288
0.7617739122650109 0.2543874023373617 0.5712913868800027
0.399410075482621 0.4274752912449289 0.4519770064543794
0.08960035127318977 0.6840838484585654 0.2947717155182549
0.11507283754716136 0.7634615808179546 0.2717915454950829
0.7413078489462008 0.21083784626981494 0.48914939578605565
0.25216765581731393 0.11060652352491918 1.0411459893619242
0.4094180049007543 0.6737679784795815 0.1598813857264035
0.26631799405408074 0.5220451138523018 0.5256446033361121
0.8384452619188549 0.4398353649512534 0.3996183917755357
0.9325621404758144 0.9038617659598137 0.09802801541800324
0.3978161756979537 0.7267548241521109 0.13808006246633395
0.30421850946186924 0.479441053538341 0.6563291593729301
0.9373562376693736 0.43660825138511294 0.3996949181790804
0.311300674432743 0.25999702697008953 1.0785580808528323
0.8496888226758402 0.48383344025108477 0.5064292996488317
0.05371366131529509 0.8244283834216868 0.2789161600131863
0.3145703646544832 0.08059446851685381 0.6594860588046002
0.07850415587488802 0.192692487762412 1.1168526886263812
0.5165626160601041 0.05000536268606337 0.4032278955588732
0.01812161020861236 0.6233765034957498 0.45757493739012833
0.08039332638261798 0.5810252356438534 0.5817713931381532
0.22607544758349052 0.9597446226132761 0.4155611015248293
0.1142007522818389 0.005592232156174437 0.8940134756386638
0.1712124039294598 0.18790063594999917 1.1866490588315928
0.42570958313527996 0.005840867815402273 0.5719578444603898
0.041301884178291726 0.9665687173892968 0.26028951154129487
0.9256400077356701 0.9041487889839223 0.19288169059037483
0.6433570392122397 0.3263658042670471 0.7322588657587278
0.22362192657778657 0.19470882753206453 1.1912712854759915
0.49060116486642247 0.1889289622889987 0.5534262443558203
0.5824433776112149 0.8565677021722932 -0.09098060848340238
0.060537521062385635 0.09659576227924427 0.8590632980925781
0.19424637484190155 0.8604911777081664 0.3276075162428662
0.7866036713222992 0.39036111833178344 0.5705207275499026
0.705715276090995 0.8721605905030533 0.37308500188039295
0.5847684294655843 0.06397480432776825 0.3267414983761403
0.02148253202443573 0.1673281920540306 0.9128063727217621
0.5965009880655783 0.5203663833496648 0.30079506347604595
0.9735254245209094 0.14898307837730618 0.21489054371277705
0.012696018062893222 0.7748632011598674 0.21586860124994048
0.24287525748586547 0.06267867861503329 0.9359348943142349
0.6314849026778654 0.694464962376186 0.03277791355815393
0.17523671870940472 0.8471717786024142 0.337618981726112
0.14601277857541317 0.21209239215776265 1.2167331709594216
0.3395811118812876 0.8625511253088578 0.06984339613575485
0.2199870319798123 0.7303912717233105 0.4137525804851393
0.09124653542550598 0.9827563389296271 0.3811653990320235
0.8762174362372633 0.6789574733052068 0.008655479200582003
0.6382481844786967 0.1658240978309884 0.6162117616106113
0.7002087027731805 0.03475963852300756 0.4782493393099718
0.8596619228180846 0.3311352249171642 0.43154251528485965
0.7384526023859885 0.9164534315678788 0.16582718683348208
0.7751336137586076 0.34353645198494875 0.5435354707576008
0.8672126455217389 0.8069849141438491 0.11542159915522675
0.19190890166248553 0.05719229489527322 0.9065630283394921
0.6386674810723052 0.13633801939237755 0.4301545180354757
0.6017402713708834 0.19841565062385425 0.44530373814173196
0.2272694402318356 0.9549117839653152 0.24675437895194013
0.2752683193426204 0.13262903832727202 1.003030231220004
0.2772147317991759 0.019151904776207762 0.7934574294522341
0.6485301547321868 0.8156305487101492 0.09254571564917093
0.3990994873010536 0.5752334191534287 0.3582019915238401
0.16013954708292022 0.20389448647326913 1.1220019294122194
0.7465873568717429 0.7744351047353559 0.23715406991764265
0.595680907339722 0.5875879319759527 0.22520644635276132
0.40723952949201425 0.9033997253647897 0.1822794943797356
0.09721815071870565 0.5353325117080531 0.4740147918760153
0.25670165441543513 0.08906368245612473 0.9743131688089756
0.07922446183947351 0.35220327829348563 0.8968947519725096
0.929485329458466 0.916463812164921 0.26873680157392194
0.45862855787011425 0.4522058961962597 0.4401180767244556
0.16699863922248726 0.5080640147233032 0.4666229451489586
0.3848687090784082 0.46362605490008557 0.4328998991622602
0.20612407755427842 0.7253985889480925 0.4597779358570992
0.32237954774493427 0.9626799926045935 0.11153457365999188
0.6338653312088831 0.7026588527257158 0.3557927651920142
0.297587067826835 0.5681373982189186 0.3771711242841323
0.3134043605809531 0.05307949244858712 0.9459438670070204
0.6631772485688193 0.28965481704848905 0.49531741049014216
0.9710151023712856 0.9613347511463611 0.0510454645331054
0.7034289469262494 0.749554303390091 0.1650081578272298
0.27283697872764234 0.0658241236203414 0.9300848338164756
0.2065918169992037 0.5963527459672031 0.3256651035172902
0.9296820559536911 0.8003094165574001 0.0704745155983704
0.22781385910097462 0.976439195149572 0.30483024963404526
0.8613783218739637 0.43740087029797403 0.28709716352885695
0.11331650957604056 0.41215064694665204 0.6392534211659824
0.8636839071854611 0.08469202788975039 0.2686509045142116
0.28126117365049363 0.5585109354520601 0.44547279763839254
0.9502754527739353 0.48684551459400127 0.30558306185879625
0.23240757684616864 0.18669677539255536 1.2644713208604896
0.6552407904264879 0.05221216386344718 0.3655487344785454
0.6795045289038765 0.21926154996268532 0.5869500393594528
0.2937435115530763 0.02719323924900352 0.8015091325068078
0.1711787761071072 0.27762793872088576 1.0809296057885043
0.9198689319586413 0.7724153549695248 0.09259741297822513
0.3369875652481559 0.3260583044415317 0.8663492563109263
0.658348485724682 0.3046644262086944 0.7191673826747792
0.474479925427853 0.2633369371970722 0.6959405730304797
0.14538828365071566 0.916975877918525 0.25669862177198804
0.6047097037375925 0.21325701309360923 0.5928290554158588
0.5057677252855017 0.0992266724857026 0.410007090137242
0.6102812717581577 0.7567103010944569 0.10918318909767771
0.8101055189673964 0.9020844046680151 -0.0020845942851740046
0.9617628109887892 0.9723896364959668 0.014019392220492834
0.5835437991927813 0.7772127224920113 0.30062919910683067
0.5029255938402012 0.16810476732965784 0.5713564444958764
0.10309233208281421 0.9864550233594893 0.2180227655621047
0.97134363280509 0.7357771877577143 0.03881715932229073
0.265393711896029 0.35575257267487614 0.7530419806205173
0.8623019156222329 0.6711764046678218 0.17189558600809207
0.5179730700673034 0.4627194789498401 0.5291716449170387
0.6798770739009163 0.843931843246871 0.044184520256346116
0.19072804082501393 0.45399165654910867 0.5914242040739689
0.028845846160997834 0.7869666178029402 0.27706651675202826
0.05188228285568175 0.3420086090314848 0.9710408162930332
0.0359498114207536 0.10179345895066849 0.8743186863458314
0.36625201742550173 0.280822622493334 0.6482761202029149
0.3437275949442027 0.374020579363753 0.6890801440122477
0.3795258354891293 0.1644014004647516 0.747686755059145
0.727070592202865 0.6054359366886466 0.24793195435878443
0.009727821534268655 0.017818537363101905 0.8582738742871128
0.5153312467418387 0.2343150727246418 0.4777805774879361
0.4606275682502009 0.3984290113121557 0.37719748858151714
0.326936507982889 0.9811378111101313 0.21111933424784743
0.533004064876 0.7242836447612292 0.055740886507759387
0.4817420611636012 0.3821736673897749 0.48164174354894124
0.4598986186382229 0.3927758702040346 0.5167130236051884
0.7031122241779424 0.6296471959823062 0.26761184744343447
0.0403548075805108 0.806537620643378 0.44152505041138906
0.4552985873731539 0.014724567578284331 0.5613239104010029
0.26175198034671476 0.1205865091572571 1.0088264121833757
0.28154786982168356 0.5735732304308914 0.3236392476737197
0.049287398541287164 0.6704211327018365 0.485326601615351
0.30558999792203034 0.8267259809377208 0.25542306138795934
0.2436254868772353 0.7346448278760428 0.5061407335405843
0.4732381604934276 0.037045575152281573 0.4370251503047625
0.07048884726175364 0.3557146618543262 0.6711785888957396
0.2397321387222544 0.8653248410482395 0.28966015722767935
0.1529548853909607 0.7331043312362899 0.22035363130020819
0.6877564713347472 0.8944807691669435 0.054478355186981305
0.05913010347732961 0.6612007148424303 0.32115672294682185
0.09027451264456066 0.691555280213999 0.14478827786915355
0.6011742627448322 0.2451802301339141 0.7133727601794171
0.6220413187237241 0.8546167253831674 0.14995830041679015
0.9826662229946338 0.3961837624855774 0.055545860778284606
0.2006075876653104 0.07616854571623255 0.9193891092261176
0.43883060194030754 0.9531810392372224 0.17680805455889365
0.559296515270171 0.7523951868814565 0.04527728628146923
0.9264490804718122 0.19421471352554032 0.4678190785335503
0.04775259440594648 0.9627358380350448 0.29828911469134756
0.43930647431161784 0.41284986104653054 0.5642573602808174
0.9040944959440881 0.025077334756804848 0.3096184221315334
0.6299075843459808 0.03685383768441708 0.2112018202096455
0.44589533093841593 0.5023799342866693 0.30831674956859667
0.7513148699715325 0.7419736753758845 0.0558813638472003
0.143837089566482 0.3081385447887022 1.2117519602321452
0.252129427591005 0.255777517467231 1.2086465080530144
0.2949055986315895 0.26062209793821245 1.1247512457863362
0.6648362855354265 0.04226149934468115 0.0991196699206279
0.46642756120972817 0.38576568593371874 0.3469116226079535
0.42111317838490503 0.9056236918738368 0.21054505779214183
0.2687410149735585 0.35347614300667785 0.9902016623458307
0.345091048405771 0.8092680054912856 0.18576882819775994
0.5700836392452405 0.29984316327701066 0.6048279930402269
0.19391735798691756 0.259647106353879 1.1178007480502181
0.3855826178360331 0.25646315806276276 0.7567401114866551
0.014714461815282243 0.21688919068455836 0.974371395737756
0.6279159054922102 0.21240870660594957 0.29630730044658926
0.5449232906293581 0.9872089926715226 -0.0699904672957771
0.7338739443380964 0.5559446529205976 0.34195539134778774
0.8997216263972407 0.14256276968064063 0.2932878143912988
0.8044154187019225 0.7200725434954611 0.207139830122098
0.9020309858806228 0.5969545578892937 0.3097257565840792
0.12749783996644726 0.007275237790723921 0.968659696332816
0.13473852949544163 0.08702328561106831 1.1456271357016574
0.49388929297906803 0.6598531592143012 0.11168997291598923
0.712160873160863 0.7912314009026482 0.28307743439956273
0.2853016808584866 0.5964722853503972 0.2305423976836744
0.38261204484563494 0.10246609634131221 0.7688818400060902
0.902832619646798 0.8357448675491185 0.04585436670966622
0.19696667808151513 0.5293452573029798 0.3799544196601868
0.7298058889394148 0.22214368646218507 0.5561659273438666
0.8001919975511128 0.8546216363996556 0.025709715127345822
0.8164103170282263 0.43423226700668427 0.4031471041005359
0.25212938341398483 0.4929882976674942 0.5805727026354844
0.8822111716380461 0.39901661493290974 0.46918513884469193
0.0863249296137345 0.20122347848173405 0.9648247069760848
0.8177597341719954 0.6222754162874707 0.2384762769427815
0.019672999411164183 0.04905459572737203 0.8044369132401686
0.23550588928535254 0.24550811424355767 1.2189993882460326
0.10099970023331484 0.12265835605282871 0.8743841190767092
0.5404371331231375 0.7651617821878078 0.027567831286793514
0.9141779283464915 0.7533457512752334 0.047153433935519254
0.5175023000625325 0.33553106793411047 0.4684203199801183
0.4832286900972492 0.8796762490686018 0.44324875558121135
0.7372496001413942 0.14681903095474302 0.5159671989599462
0.5043737198482744 0.1384499793021644 0.3727244353001842
0.07365201431731139 0.05564180925183815 0.8774187089865944
0.9909239837208841 0.05560667274113518 0.19094448092378705
0.6442222591849923 0.21176009427321285 0.48160673589335995
0.2265408022866806 0.7069542506198063 0.24037425241528698
0.9012820198895504 0.0012314986742439915 0.11371799295076228
0.7092576297212214 0.8857319522663466 -0.06692826471863637
0.42520640055968717 0.4406508852261034 0.49807165436178735
0.7550691417279282 0.016858822863583756 0.15526506185923117
0.38863604206209246 0.45189964848050723 0.22626463297810995
0.7431171067422273 0.7585251155583229 0.08630244267009882
0.49629594946807665 0.32364627111106115 0.316058587174895
0.5114689990369974 0.7144391246167109 0.19649819038316757
0.5048676522966401 0.188018751862432 0.4373914995065507
0.2727135484748706 0.6745235585742182 0.3107857127462376
0.8714685409811166 0.7581712185309241 0.1302139721089909
0.02269094868852739 0.6471984697547345 0.4636882806475017
0.2910210417629929 0.5622650583562032 0.25651523320971364
0.24457155338413683 0.8507846027202528 0.49721526186206205
0.8424170648320438 0.9874347834537246 0.17155943413857147
0.33125098651460116 0.7508368787017682 0.25658532427235226
0.4718771121028371 0.24318787702049505 0.5941581208781037
0.37531306387082075 0.0027632024320956017 0.5889733847618971
0.8328592434890564 0.8282069992993261 0.18551680640682272
0.2492766488617052 0.020155674863570172 0.694777537698217
0.7828083866177057 0.36099283306999275 0.5472066826751958
0.5544658167027343 0.9822026892147405 0.3670821871527993
0.3814774044915199 0.6429822108739242 0.3532090796663034
0.8998710830772878 0.1991248792741831 0.4941967926532368
0.4832657077227803 0.14550284131191304 0.5058671055789739
0.3773387067732501 0.05715898995787527 0.7604109157373722
0.08217636662764216 0.5709748178167023 0.5345920374060458
0.7540993959301636 0.28511617056425587 0.6316822339645405
0.9439000693991846 0.44475398844050684 0.3244167964576795
0.809131442471387 0.5338677649682447 0.2553203601005585
0.6154440101626159 0.1653821007701617 0.4463029414066476
0.22961413022880206 0.4803074444847394 0.638937452311027
0.4577407437729111 0.2797326208290397 0.6194705182262012
0.6393945817567573 0.4670108141701995 0.500314097111207
0.7015971304264575 0.5409737692176856 0.2783203966074309
0.01900017333124926 0.03492239438747857 0.8357839446515463
0.4584386756864077 0.7189734725134114 -0.10602378851687747
0.8383064454429996 0.8622956464256362 0.16315108308005083
0.03892392851448234 0.47001778783991477 0.597758549751511
0.39939710103114767 0.6113719931601997 0.18074777371210046
0.94223459658011 0.032838488002113975 0.150657265630342
0.286514043842657 0.5725793765496209 0.45882208542552166
0.9823771153055578 0.4690982207867237 0.039006484498161215
0.05755760871139237 0.11525585395767646 1.069438027592647
0.36508588184089963 0.24364628805339528 0.8071134636096301
0.8009372286770426 0.7916912708017126 -0.0008217300541907002
0.7881409178215566 0.5461780528280488 0.17354509659430645
0.18420206836760222 0.10141977052214868 0.949747667100395
0.2227723964998265 0.4879896358140998 0.536822964735733
0.9693143133725629 0.45536900274337255 0.42658281288846384
0.30331464198619706 0.17646320076093003 1.180000407016904
0.8200742444946008 0.8871883289860328 0.06463022767393958
0.7737625973705934 0.47068673141574546 0.2618006818370655
0.5089339450853572 0.20296921720280725 0.5363184532961889
0.7715688704517489 0.5541229408481179 0.5295901372797712
0.28750928903734296 0.5364623238650396 0.4147804379947431
0.9154499244998625 0.08735568117623782 0.1878962615901786
0.3009596289069375 0.2077806318712755 1.1508338088330576
0.10301327906725 0.8479761119608449 0.23913371979582274
0.8608270448601175 0.7972087370226119 0.1710571207263798
0.26402043051743085 0.7032671657680646 0.21732707891305084
0.10220078622555384 0.7021358747126757 0.4060086123471077
0.7353347129711691 0.838385745322639 0.19503195387300626
0.01823885582184892 0.40455095075065717 0.552609048639312
0.7878908056526706 0.12007320939590116 0.35212603041797774
0.8061518862960387 0.8987148458281085 -0.009667959451328659
0.7588637676589343 0.9601622565582146 0.01736639400777583
0.13363880353269697 0.22724086830660772 1.3262030164152023
0.02275473972811115 0.6561072410237552 0.34339508991189327
0.6546617903514276 0.8032565370179832 0.07779200011474002
0.36927438798419787 0.11886273607946762 0.9823539633803373
0.1659730006156952 0.22162630561556884 1.269335042218649
0.40037460250303614 0.10134579409741917 0.7111751226795543
0.614890901552864 0.6046865590972732 0.25807074409015884
0.20025033000065018 0.6171935916352487 0.3113671222570113
0.508579760954384 0.3297241807816319 0.39489372998847727
0.7376934886304392 0.11547245601411837 0.10591554275888043
0.7900661439061135 0.8523518339126316 0.2296149954730492
0.903864612391915 0.7494247586484135 0.14737488751481254
0.3900900883424895 0.23267988814623397 0.8355356799131913
0.2980677499381684 0.21614061207870394 1.0523810034173449
0.764406511187017 0.6410791059190508 0.16674849336577832
0.7526599745209644 0.9713462149966888 0.06918738473938985
0.27696669258976014 0.2492320179044799 1.0823767238003383
0.636389934827769 0.6546827560927584 0.07791793736739591
0.9294885908309112 0.3413696590397399 0.5001685996265548
0.16308092507931415 0.5327102862157496 0.4277303528283911
0.9061394996109292 0.06961459951569682 0.349698219201103
0.9977499038595639 0.8138697123490717 0.02413947748497363
0.21708842360835467 0.6584730785264697 0.36877169434996016
0.13077264841389058 0.20554648812441623 1.0772153016898518
0.5740231429613812 0.16852744734939507 0.4824946516682639
0.3933244698492936 0.5849921777105924 0.09819578968700285
0.224546553320367 0.5959865076279514 0.3528727341971789
0.4206957757040757 0.058715546391332474 0.5784036426606809
0.11063190698333691 0.732410289531967 0.34129876102874623
0.5116533882420793 0.5709020618668836 0.2296323545569827
0.5990358472796207 0.6383089156980576 0.20575110985854428
0.6344128880311521 0.10732639955314571 0.2618584447302005
0.7585177530779561 0.8005347641781946 -0.0025882331179589296
0.27110484877925545 0.1032678099110903 0.9480124265999982
0.3117635488236412 0.45930614284800275 0.4527211457217503
0.9694335373477259 0.9871430016755879 -0.18718567872787925
0.499648414687205 0.9766538318677934 0.16600636484842068
0.9125143278503792 0.8200428342120475 0.07112995774061029
0.3279323783740483 0.16146049220266367 0.8413875558265692
0.42805584841140054 0.2219382236412475 0.7524454109525913
0.016835464806710387 0.7893222440189712 0.3915936295217444
0.7886351593960037 0.9847335975022896 0.12887702759248537
0.8187178220550394 0.29503229563880085 0.5269965496938677
0.5833731186708034 0.3955322473355385 0.441640632694123
0.11118259829505595 0.9947033103314459 0.16693135193855352
0.923326780480468 0.26030506858870794 0.49457456850370757
0.4912384758049789 0.9281283468052978 0.2182865746382671
0.7735062106528009 0.19587393022165733 0.5042557401261468
0.014543561476844546 0.23140775774116829 0.6491341569749287
0.8431863035582495 0.3883579066407965 0.49473549936151207
0.9989316068979869 0.18249130013292914 0.12069716288374661
